 -------------------------------------------------------
                                                      
    ***   WELCOME TO SINDO PROGRAM                    
     ***                (  VERSION 3.4  NARITA  ) 
      ***                                             
       ***       COPYRIGHT 2013:                      
        ***         KIYOSHI YAGI  KIYOSHI.YAGI@RIKEN.JP
                                                      
 -------------------------------------------------------

     JOB STARTED AT: Fri Jul 19 16:57:45 2013
     RUNNING ON kyagi-mac.ad78.riken.go.jp      


(  SETUP MEM MODULE  )

   o MAXIMUM MEMORY : 1000 MB


(  SETUP MOL MODULE  )


   READ DATA FROM A MINFO FILE : [ eq-mp2tz.minfo ]


(  ENTER NMA MODULE  )


      o ATOMIC MASS
        21874.6618  21874.6618   1837.1527   1837.1527   1837.1527
         1837.1527

      o REFERENCE GEOMETRY
         -0.000000    0.000000    1.258351
          0.000000    0.000000   -1.258351
         -0.000000    1.743555    2.320370
         -0.000000   -1.743555    2.320370
          0.000000    1.743555   -2.320370
          0.000000   -1.743555   -2.320370

      o NORMAL DISPLACEMENT VECTOR
          0.000000   -0.133236    0.000000
         -0.000000   -0.133236    0.000000
         -0.000000    0.229875   -0.433914
         -0.000000    0.229875    0.433914
          0.000000    0.229875    0.433914
         -0.000000    0.229875   -0.433914

          0.426334    0.000000   -0.000000
         -0.426334    0.000000    0.000000
         -0.398898   -0.000000    0.000000
         -0.398898   -0.000000   -0.000000
          0.398898   -0.000000   -0.000000
          0.398898   -0.000000    0.000000

          0.268155   -0.000000   -0.000000
          0.268155    0.000000    0.000000
         -0.462652   -0.000000    0.000000
         -0.462652   -0.000000    0.000000
         -0.462652   -0.000000   -0.000000
         -0.462652   -0.000000    0.000000

         -0.000000   -0.000000    0.000000
         -0.000000    0.000000   -0.000000
         -0.500000   -0.000000    0.000000
          0.500000    0.000000   -0.000000
          0.500000   -0.000000   -0.000000
         -0.500000   -0.000000    0.000000

          0.000000    0.428006    0.000000
          0.000000   -0.428006   -0.000000
         -0.000000   -0.113910    0.381353
         -0.000000   -0.113910   -0.381353
         -0.000000    0.113910    0.381353
         -0.000000    0.113910   -0.381353

         -0.000000   -0.000000    0.332536
         -0.000000    0.000000   -0.332536
          0.000000   -0.167338    0.408298
         -0.000000    0.167338    0.408298
         -0.000000   -0.167338   -0.408298
          0.000000    0.167338   -0.408298

         -0.000000   -0.000000   -0.227057
          0.000000    0.000000   -0.227057
          0.000000   -0.266006    0.391744
          0.000000    0.266006    0.391744
          0.000000    0.266006    0.391744
          0.000000   -0.266006    0.391744

         -0.000000   -0.000000   -0.596689
         -0.000000    0.000000    0.596689
          0.000000   -0.220721    0.152524
          0.000000    0.220721    0.152524
          0.000000   -0.220721   -0.152524
          0.000000    0.220721   -0.152524

         -0.000000    0.000000   -0.142662
         -0.000000    0.000000   -0.142662
          0.000000    0.423369    0.246136
          0.000000   -0.423369    0.246136
          0.000000   -0.423368    0.246136
         -0.000000    0.423368    0.246136

          0.000000   -0.000000    0.182707
         -0.000000   -0.000000   -0.182707
         -0.000000   -0.416269   -0.245008
         -0.000000    0.416269   -0.245008
         -0.000000   -0.416270    0.245008
          0.000000    0.416270    0.245008

          0.000000   -0.229709   -0.000000
         -0.000000    0.229709    0.000000
         -0.000000    0.402021    0.248990
         -0.000000    0.402021   -0.248990
         -0.000000   -0.402021    0.248990
          0.000000   -0.402021   -0.248990

          0.000000   -0.232713   -0.000000
          0.000000   -0.232713    0.000000
          0.000000    0.401502    0.248432
         -0.000000    0.401502   -0.248432
         -0.000000    0.401502   -0.248432
          0.000000    0.401502    0.248432


      o TRANSLATIONAL VECTOR
          0.654288    0.000000    0.000000
          0.654288    0.000000    0.000000
          0.189614    0.000000    0.000000
          0.189614    0.000000    0.000000
          0.189614    0.000000    0.000000
          0.189614    0.000000    0.000000

          0.000000    0.654288    0.000000
          0.000000    0.654288    0.000000
          0.000000    0.189614    0.000000
          0.000000    0.189614    0.000000
          0.000000    0.189614    0.000000
          0.000000    0.189614    0.000000

          0.000000    0.000000    0.654288
          0.000000    0.000000    0.654288
          0.000000    0.000000    0.189614
          0.000000    0.000000    0.189614
          0.000000    0.000000    0.189614
          0.000000    0.000000    0.189614


      o ROTATIONAL VECTOR
          0.000000   -0.513852    0.000000
          0.000000    0.513852    0.000000
          0.000000   -0.274597    0.206336
          0.000000   -0.274597   -0.206336
          0.000000    0.274597    0.206336
          0.000000    0.274597   -0.206336

          0.564127    0.000000    0.000000
         -0.564127    0.000000   -0.000000
          0.301463    0.000000    0.000000
          0.301463    0.000000    0.000000
         -0.301463    0.000000   -0.000000
         -0.301463    0.000000   -0.000000

         -0.000000    0.000000    0.000000
          0.000000    0.000000    0.000000
         -0.500000    0.000000    0.000000
          0.500000    0.000000    0.000000
         -0.500000    0.000000    0.000000
          0.500000    0.000000    0.000000

(  SETUP OF NMA COMPLETED  )



(  SETUP VIB MODULE  )

   >> RUN OPTIONS
      VSCF    =     F
      OC-VSCF =     T
      VCI     =     F
      VPT     =     F
      VQDPT   =     F
      PRPT    =     F


   >> BASIS FUNCTIONS
      MODE :         1        2        3        4        5        6
      MAXV :         8        8        8        8        8        8
      FREQ :    827.43   959.44   982.79  1075.84  1246.52  1384.45

      MODE :         7        8        9       10       11       12
      MAXV :         8        8        8        8        8        8
      FREQ :   1484.77  1684.92  3180.12  3198.10  3268.47  3295.24


(  SETUP OCVSCF MODULE  )

   o MOPFILE = prop_no_1.mop
   o ICFF    =          1
   o MAXITER =         30
   o PFIT    =          2
   o ETHRESH =  0.100E-05
   o GTHRESH =  0.100E-05
   o ISCREEN =          1
   o ETA12THRESH =   500.00

   > VSCF RUN WITH THE INITIAL COORDINATES... 


(  ENTER VSCF MODULE  )

  ---  VIBRATIONAL SELF-CONSISTENT FIELD CALCULATIONS   ---

   >> SCF OPTIONS
       STATE SPECIFIC :        F
              RESTART :        F
        MAX ITERATION :       80
         CONV. THRESH : 0.10E-04

   >> FILES
       WFN READ/WRITE FILE : vscf_xxx.wfn

   >> STATE 000:   ZERO-POINT STATE

       o INITIAL GUESS FROM (CONTRACTED) HARMONIC OSCILLATOR 

   -- (ITERATION) -------- (EOLD) -------- (ENEW) ----- (DELTA E) --
                1        11294.04        11246.38      -0.477D+02
                2        11246.38        11244.47      -0.190D+01
                3        11244.47        11244.34      -0.131D+00
                4        11244.34        11244.33      -0.921D-02
                5        11244.33        11244.33      -0.648D-03
                6        11244.33        11244.33      -0.456D-04
                7        11244.33        11244.33      -0.321D-05
   -----------------------------------------------------------------
       E(VSCF)=    11244.33325083

       o COEFFICIENTS

         -MODES-          1         2         3         4         5         6
              0     0.99990   0.99996   0.99995  -0.99998   0.99999   0.99754
              1     0.00000   0.00000   0.00000  -0.00000  -0.00000   0.06983
              2    -0.01435  -0.00938  -0.01048   0.00645  -0.00332   0.00492
              3     0.00000  -0.00000  -0.00000  -0.00000   0.00000   0.00345
              4     0.00025   0.00011   0.00013  -0.00005   0.00001   0.00051
              5    -0.00000   0.00000   0.00000   0.00000   0.00000   0.00006
              6    -0.00000  -0.00000  -0.00000   0.00000  -0.00000   0.00003
              7     0.00000  -0.00000  -0.00000  -0.00000  -0.00000   0.00001
              8     0.00000   0.00000   0.00000  -0.00000   0.00000   0.00000
         -MODES-          7         8         9        10        11        12
              0     1.00000   0.99638   0.99997   0.99485  -0.99997   0.99997
              1     0.00000  -0.08399   0.00000  -0.09897   0.00000  -0.00000
              2    -0.00223   0.00774   0.00823   0.01399  -0.00831   0.00823
              3    -0.00000  -0.01000   0.00000  -0.01637  -0.00000   0.00000
              4     0.00001   0.00212   0.00008   0.00435  -0.00008   0.00008
              5     0.00000  -0.00037   0.00000  -0.00111  -0.00000   0.00000
              6    -0.00000   0.00025   0.00000   0.00073  -0.00000   0.00000
              7    -0.00000  -0.00008   0.00000  -0.00028  -0.00000   0.00000
              8     0.00000   0.00002   0.00000   0.00010  -0.00000   0.00000

       o VIBRATIONALLY AVERAGED STRUCTURE

         - Q0 -
              0.000000    0.000000    0.000000
              0.000000   -0.000000    1.249561
              0.000001   -1.368432    0.000000
             -1.182902   -0.000000   -0.000000

         - X0 -
              0.000000   -0.000000    1.265220
             -0.000000    0.000000   -1.265220
             -0.000000    1.757211    2.334166
              0.000000   -1.757211    2.334166
              0.000000    1.757211   -2.334166
             -0.000000   -1.757211   -2.334166


(  FINALIZE VSCF MODULE  )

   > SAFELY RETURNED TO OCVSCF MODULE 

   > START OF OPTIMIZA

   o ITERATION:    1
      PAIR     NEWANGLE    E0                  ENEW                DELTA-E             GRADIENT
      1   2      0.0000    11244.3332508318    11244.3332508318    0.0000000000E+00    0.1391492673E-14
      1   3      0.0000    11244.3332508318    11244.3332508318    0.0000000000E+00   -0.3975693352E-15
      2   3      0.0000    11244.3332508318    11244.3332508318    0.0000000000E+00   -0.4320584750E-11
      1   4      0.0000    11244.3332508318    11244.3332508318    0.0000000000E+00    0.3975693352E-15
      2   4      0.0000    11244.3332508318    11244.3332508318    0.0000000000E+00   -0.5744876893E-13
      3   4      0.0000    11244.3332508318    11244.3332508318    0.0000000000E+00    0.7752602036E-14
      1   5      0.0000    11244.3332508318    11244.3332508318    0.0000000000E+00    0.4490645033E-10
      2   5      0.0000    11244.3332508318    11244.3332508318    0.0000000000E+00    0.3975693352E-15
      3   5      0.0000    11244.3332508318    11244.3332508318    0.0000000000E+00   -0.3180554681E-14
      4   5      0.0000    11244.3332508318    11244.3332508318    0.0000000000E+00   -0.5963540028E-15
      2   6      0.0000    11244.3332508318    11244.3332508318    0.0000000000E+00    0.2385416011E-14
      3   6      0.0000    11244.3332508318    11244.3332508318    0.0000000000E+00    0.6361109363E-14
      4   6      0.0000    11244.3332508318    11244.3332508318    0.0000000000E+00   -0.9541664044E-14
      5   6      0.0000    11244.3332508318    11244.3332508318    0.0000000000E+00   -0.6659286364E-13
      3   7      0.0000    11244.3332508318    11244.3332508318    0.0000000000E+00    0.7951386704E-14
      4   7      0.0000    11244.3332508318    11244.3332508318    0.0000000000E+00    0.0000000000E+00
      5   7      0.0000    11244.3332508318    11244.3332508318    0.0000000000E+00    0.2564322212E-13
      6   7      0.0000    11244.3332508318    11244.3332508318    0.0000000000E+00   -0.1253675263E-10
      5   8      0.0000    11244.3332508318    11244.3332508318    0.0000000000E+00   -0.4675415382E-12
      6   8     -3.5043    11244.3332508318    11244.2423054963   -0.9094533554E-01   -0.2447105338E-06
      7   8      0.0000    11244.2423054963    11244.2423054963    0.0000000000E+00   -0.9099169374E-11
      9  10    -44.9935    11244.2423054963    11237.6374080733   -0.6604897423E+01    0.2816000756E-07
      9  11    -44.9944    11237.6374080733    11235.0364340466   -0.2600974027E+01    0.9384080680E-08
     10  11     10.5007    11235.0364340466    11234.3975947417   -0.6388393048E+00    0.6223309844E-08
      9  12    -29.2059    11234.3975947417    11228.8034345645   -0.5594160177E+01   -0.9991282382E-07
     10  12    -43.3181    11228.8034345645    11222.1794197540   -0.6624014811E+01    0.3022845904E-07
     11  12     29.2605    11222.1794197540    11212.2449340416   -0.9934485712E+01    0.1164830398E-06

          DELTA E =        32.0883167903

   o ITERATION:    2
      PAIR     NEWANGLE    E0                  ENEW                DELTA-E             GRADIENT
      1   2      0.0000    11212.2449340416    11212.2449340416    0.0000000000E+00    0.1987846676E-14
      1   3      0.0000    11212.2449340416    11212.2449340416    0.0000000000E+00   -0.1987846676E-15
      2   3      0.0000    11212.2449340416    11212.2449340416    0.0000000000E+00    0.1892707936E-08
      1   4      0.0000    11212.2449340416    11212.2449340416    0.0000000000E+00   -0.3975693352E-15
      2   4      0.0000    11212.2449340416    11212.2449340416    0.0000000000E+00    0.9797994885E-09
      3   4      0.0000    11212.2449340416    11212.2449340416    0.0000000000E+00    0.3762289941E-07
      1   5      0.0000    11212.2449340416    11212.2449340416    0.0000000000E+00   -0.2090252625E-07
      2   5      0.0000    11212.2449340416    11212.2449340416    0.0000000000E+00   -0.7951386704E-15
      3   5      0.0000    11212.2449340416    11212.2449340416    0.0000000000E+00   -0.1987846676E-14
      4   5      0.0000    11212.2449340416    11212.2449340416    0.0000000000E+00   -0.1987846676E-15
      2   6      0.0000    11212.2449340416    11212.2449340416    0.0000000000E+00    0.1987846676E-14
      3   6      0.0000    11212.2449340416    11212.2449340416    0.0000000000E+00    0.5168401357E-14
      4   6      0.0000    11212.2449340416    11212.2449340416    0.0000000000E+00   -0.8945310042E-14
      5   6      0.0000    11212.2449340416    11212.2449340416    0.0000000000E+00    0.1333904357E-07
      3   7      0.0000    11212.2449340416    11212.2449340416    0.0000000000E+00    0.6361109363E-14
      4   7      0.0000    11212.2449340416    11212.2449340416    0.0000000000E+00    0.0000000000E+00
      5   7      0.0000    11212.2449340416    11212.2449340416    0.0000000000E+00    0.8966182432E-09
      6   7      0.0000    11212.2449340416    11212.2449340416    0.0000000000E+00    0.1292638251E-08
      5   8      0.0000    11212.2449340416    11212.2449340416    0.0000000000E+00    0.6588568918E-07
      6   8      0.0000    11212.2449340416    11212.2449340416    0.0000000000E+00   -0.6835635399E-08
      7   8      0.0000    11212.2449340416    11212.2449340416    0.0000000000E+00    0.2458925388E-08
      9  10      2.5916    11212.2449340416    11212.1328397523   -0.1120942893E+00    0.1572129636E-06
      9  11      7.3924    11212.1328397523    11211.1600261996   -0.9728135528E+00   -0.9696323585E-07
     10  11     13.3137    11211.1600261996    11207.9374997363   -0.3222526463E+01    0.1551525564E-06
      9  12     -3.8340    11207.9374997363    11207.6450123812   -0.2924873551E+00    0.1395923102E-06
     10  12     -2.1843    11207.6450123812    11207.5480777286   -0.9693465259E-01   -0.2982275563E-07
     11  12      0.2933    11207.5480777286    11207.5463392365   -0.1738492142E-02   -0.1979996013E-07

          DELTA E =         4.6985948051

   o ITERATION:    3
      PAIR     NEWANGLE    E0                  ENEW                DELTA-E             GRADIENT
      1   2      0.0000    11207.5463392365    11207.5463392365    0.0000000000E+00    0.1590277341E-14
      1   3      0.0000    11207.5463392365    11207.5463392365    0.0000000000E+00   -0.7951386704E-15
      2   3      0.0000    11207.5463392365    11207.5463392365    0.0000000000E+00   -0.1030225394E-09
      1   4      0.0000    11207.5463392365    11207.5463392365    0.0000000000E+00    0.7951386704E-15
      2   4      0.0000    11207.5463392365    11207.5463392365    0.0000000000E+00    0.1208228715E-08
      3   4      0.0000    11207.5463392365    11207.5463392365    0.0000000000E+00    0.7160478171E-09
      1   5      0.0000    11207.5463392365    11207.5463392365    0.0000000000E+00    0.1076131334E-08
      2   5      0.0000    11207.5463392365    11207.5463392365    0.0000000000E+00   -0.1391492673E-14
      3   5      0.0000    11207.5463392365    11207.5463392365    0.0000000000E+00   -0.2584200679E-14
      4   5      0.0000    11207.5463392365    11207.5463392365    0.0000000000E+00   -0.3975693352E-15
      2   6      0.0000    11207.5463392365    11207.5463392365    0.0000000000E+00    0.1590277341E-14
      3   6      0.0000    11207.5463392365    11207.5463392365    0.0000000000E+00    0.4969616690E-14
      4   6      0.0000    11207.5463392365    11207.5463392365    0.0000000000E+00   -0.8945310042E-14
      5   6      0.0000    11207.5463392365    11207.5463392365    0.0000000000E+00    0.2538452375E-09
      3   7      0.0000    11207.5463392365    11207.5463392365    0.0000000000E+00    0.8150171371E-14
      4   7      0.0000    11207.5463392365    11207.5463392365    0.0000000000E+00    0.0000000000E+00
      5   7      0.0000    11207.5463392365    11207.5463392365    0.0000000000E+00    0.1128751027E-08
      6   7      0.0000    11207.5463392365    11207.5463392365    0.0000000000E+00   -0.8397638404E-10
      5   8      0.0000    11207.5463392365    11207.5463392365    0.0000000000E+00    0.1254710534E-08
      6   8      0.0000    11207.5463392365    11207.5463392365    0.0000000000E+00    0.3309459859E-07
      7   8      0.0000    11207.5463392365    11207.5463392365    0.0000000000E+00   -0.1425858566E-09
      9  10     -0.6618    11207.5463392365    11207.5375012488   -0.8837987653E-02    0.3892235955E-07
      9  11      0.0990    11207.5375012488    11207.5372975199   -0.2037288704E-03   -0.9626543905E-08
     10  11      0.0000    11207.5372975199    11207.5372975199    0.0000000000E+00    0.1273247329E-06
      9  12      0.0000    11207.5372975199    11207.5372975199    0.0000000000E+00    0.4043859306E-06
     10  12      0.0000    11207.5372975199    11207.5372975199    0.0000000000E+00   -0.2888582445E-07
     11  12      0.0000    11207.5372975199    11207.5372975199    0.0000000000E+00   -0.2008550676E-07

          DELTA E =         0.0090417165

   o ITERATION:    4
      PAIR     NEWANGLE    E0                  ENEW                DELTA-E             GRADIENT
      1   2      0.0000    11207.5372975199    11207.5372975199    0.0000000000E+00    0.1192708006E-14
      1   3      0.0000    11207.5372975199    11207.5372975199    0.0000000000E+00    0.1192708006E-14
      2   3      0.0000    11207.5372975199    11207.5372975199    0.0000000000E+00    0.1264071701E-10
      1   4      0.0000    11207.5372975199    11207.5372975199    0.0000000000E+00    0.7951386704E-15
      2   4      0.0000    11207.5372975199    11207.5372975199    0.0000000000E+00   -0.1094806557E-10
      3   4      0.0000    11207.5372975199    11207.5372975199    0.0000000000E+00   -0.7011592431E-10
      1   5      0.0000    11207.5372975199    11207.5372975199    0.0000000000E+00   -0.1326760434E-09
      2   5      0.0000    11207.5372975199    11207.5372975199    0.0000000000E+00   -0.1192708006E-14
      3   5      0.0000    11207.5372975199    11207.5372975199    0.0000000000E+00   -0.1987846676E-14
      4   5      0.0000    11207.5372975199    11207.5372975199    0.0000000000E+00   -0.1192708006E-14
      2   6      0.0000    11207.5372975199    11207.5372975199    0.0000000000E+00    0.1987846676E-14
      3   6      0.0000    11207.5372975199    11207.5372975199    0.0000000000E+00    0.5565970693E-14
      4   6      0.0000    11207.5372975199    11207.5372975199    0.0000000000E+00   -0.8348956039E-14
      5   6      0.0000    11207.5372975199    11207.5372975199    0.0000000000E+00   -0.2498842542E-10
      3   7      0.0000    11207.5372975199    11207.5372975199    0.0000000000E+00    0.6957463366E-14
      4   7      0.0000    11207.5372975199    11207.5372975199    0.0000000000E+00   -0.9939233380E-15
      5   7      0.0000    11207.5372975199    11207.5372975199    0.0000000000E+00   -0.1017439564E-10
      6   7      0.0000    11207.5372975199    11207.5372975199    0.0000000000E+00   -0.2075908284E-11
      5   8      0.0000    11207.5372975199    11207.5372975199    0.0000000000E+00   -0.1234790720E-09
      6   8      0.0000    11207.5372975199    11207.5372975199    0.0000000000E+00    0.3317236812E-07
      7   8      0.0000    11207.5372975199    11207.5372975199    0.0000000000E+00    0.1395985207E-10
      9  10      0.0000    11207.5372975199    11207.5372975199    0.0000000000E+00    0.3877298440E-07
      9  11      0.0000    11207.5372975199    11207.5372975199    0.0000000000E+00   -0.9626543110E-08
     10  11      0.0000    11207.5372975199    11207.5372975199    0.0000000000E+00    0.1273247329E-06
      9  12      0.0000    11207.5372975199    11207.5372975199    0.0000000000E+00    0.4043859306E-06
     10  12      0.0000    11207.5372975199    11207.5372975199    0.0000000000E+00   -0.2888582445E-07
     11  12      0.0000    11207.5372975199    11207.5372975199    0.0000000000E+00   -0.2008550676E-07

          DELTA E =         0.0000000000

   > OPTIMIZATION CONVERGED!
   > END OF OPTIMIZA


   o TRANSFORMATION MATRIX WRITTEN TO : [ u1.dat ]
   o FORCE CONSTANTS WRITTEN TO       : [ prop_no_1.mop_ocvscf ]
   o NEW COORDINATES WRITTEN TO       : [ eq-mp2tz_ocvscf.minfo ]

   o HARMONIC FREQUENCIES OF THE NEW MODES
         -MODE-    -FREQ(CM-1)-
             1         827.4245584
             2         959.4400327
             3         982.7894389
             4        1075.8387752
             5        1246.5239609
             6        1385.6883826
             7        1484.7663853
             8        1683.8932608
             9        3235.8222750
            10        3235.8349938
            11        3235.8395106
            12        3235.8473004

(  FINALIZE OCVSCF MODULE  )


(  FINALIZE VIB MODULE  )


(  FINALIZE NMA MODULE  )


(  FINALIZE MOL MODULE  )



   (TOTAL MEMORY USAGE)   [     0.13 MB /  1000.00 MB (  0.0 % ) ] 

   (CLOCK) ---->  TOTAL CPU-TIME  <----
            >     USER :   0 DAYS   0 HOURS   0 MINS   3.7 SECS 
            >    SYSTEM:   0 DAYS   0 HOURS   0 MINS   0.5 SECS 

