 -------------------------------------------------------
                                                      
    ***   WELCOME TO SINDO PROGRAM                    
     ***                (  VERSION 3.4  NARITA  ) 
      ***                                             
       ***       COPYRIGHT 2013:                      
        ***         KIYOSHI YAGI  KIYOSHI.YAGI@RIKEN.JP
                                                      
 -------------------------------------------------------

     JOB STARTED AT: Fri Jul 19 16:51:40 2013
     RUNNING ON kyagi-mac.ad78.riken.go.jp      


(  SETUP MEM MODULE  )

   o MAXIMUM MEMORY : 1000 MB


(  SETUP MOL MODULE  )


   READ DATA FROM A MINFO FILE : [ eq-mp2tz.minfo ]


(  ENTER NMA MODULE  )


      o ATOMIC MASS
        21874.6618  21874.6618   1837.1527   1837.1527   1837.1527
         1837.1527

      o REFERENCE GEOMETRY
         -0.000000    0.000000    1.258351
          0.000000    0.000000   -1.258351
         -0.000000    1.743555    2.320370
         -0.000000   -1.743555    2.320370
          0.000000    1.743555   -2.320370
          0.000000   -1.743555   -2.320370

      o NORMAL DISPLACEMENT VECTOR
          0.000000   -0.133236    0.000000
         -0.000000   -0.133236    0.000000
         -0.000000    0.229875   -0.433914
         -0.000000    0.229875    0.433914
          0.000000    0.229875    0.433914
         -0.000000    0.229875   -0.433914

          0.426334    0.000000   -0.000000
         -0.426334    0.000000    0.000000
         -0.398898   -0.000000    0.000000
         -0.398898   -0.000000   -0.000000
          0.398898   -0.000000   -0.000000
          0.398898   -0.000000    0.000000

          0.268155   -0.000000   -0.000000
          0.268155    0.000000    0.000000
         -0.462652   -0.000000    0.000000
         -0.462652   -0.000000    0.000000
         -0.462652   -0.000000   -0.000000
         -0.462652   -0.000000    0.000000

         -0.000000   -0.000000    0.000000
         -0.000000    0.000000   -0.000000
         -0.500000   -0.000000    0.000000
          0.500000    0.000000   -0.000000
          0.500000   -0.000000   -0.000000
         -0.500000   -0.000000    0.000000

          0.000000    0.428006    0.000000
          0.000000   -0.428006   -0.000000
         -0.000000   -0.113910    0.381353
         -0.000000   -0.113910   -0.381353
         -0.000000    0.113910    0.381353
         -0.000000    0.113910   -0.381353

         -0.000000   -0.000000    0.332536
         -0.000000    0.000000   -0.332536
          0.000000   -0.167338    0.408298
         -0.000000    0.167338    0.408298
         -0.000000   -0.167338   -0.408298
          0.000000    0.167338   -0.408298

         -0.000000   -0.000000   -0.227057
          0.000000    0.000000   -0.227057
          0.000000   -0.266006    0.391744
          0.000000    0.266006    0.391744
          0.000000    0.266006    0.391744
          0.000000   -0.266006    0.391744

         -0.000000   -0.000000   -0.596689
         -0.000000    0.000000    0.596689
          0.000000   -0.220721    0.152524
          0.000000    0.220721    0.152524
          0.000000   -0.220721   -0.152524
          0.000000    0.220721   -0.152524

         -0.000000    0.000000   -0.142662
         -0.000000    0.000000   -0.142662
          0.000000    0.423369    0.246136
          0.000000   -0.423369    0.246136
          0.000000   -0.423368    0.246136
         -0.000000    0.423368    0.246136

          0.000000   -0.000000    0.182707
         -0.000000   -0.000000   -0.182707
         -0.000000   -0.416269   -0.245008
         -0.000000    0.416269   -0.245008
         -0.000000   -0.416270    0.245008
          0.000000    0.416270    0.245008

          0.000000   -0.229709   -0.000000
         -0.000000    0.229709    0.000000
         -0.000000    0.402021    0.248990
         -0.000000    0.402021   -0.248990
         -0.000000   -0.402021    0.248990
          0.000000   -0.402021   -0.248990

          0.000000   -0.232713   -0.000000
          0.000000   -0.232713    0.000000
          0.000000    0.401502    0.248432
         -0.000000    0.401502   -0.248432
         -0.000000    0.401502   -0.248432
          0.000000    0.401502    0.248432


      o TRANSLATIONAL VECTOR
          0.654288    0.000000    0.000000
          0.654288    0.000000    0.000000
          0.189614    0.000000    0.000000
          0.189614    0.000000    0.000000
          0.189614    0.000000    0.000000
          0.189614    0.000000    0.000000

          0.000000    0.654288    0.000000
          0.000000    0.654288    0.000000
          0.000000    0.189614    0.000000
          0.000000    0.189614    0.000000
          0.000000    0.189614    0.000000
          0.000000    0.189614    0.000000

          0.000000    0.000000    0.654288
          0.000000    0.000000    0.654288
          0.000000    0.000000    0.189614
          0.000000    0.000000    0.189614
          0.000000    0.000000    0.189614
          0.000000    0.000000    0.189614


      o ROTATIONAL VECTOR
          0.000000   -0.513852    0.000000
          0.000000    0.513852    0.000000
          0.000000   -0.274597    0.206336
          0.000000   -0.274597   -0.206336
          0.000000    0.274597    0.206336
          0.000000    0.274597   -0.206336

          0.564127    0.000000    0.000000
         -0.564127    0.000000   -0.000000
          0.301463    0.000000    0.000000
          0.301463    0.000000    0.000000
         -0.301463    0.000000   -0.000000
         -0.301463    0.000000   -0.000000

         -0.000000    0.000000    0.000000
          0.000000    0.000000    0.000000
         -0.500000    0.000000    0.000000
          0.500000    0.000000    0.000000
         -0.500000    0.000000    0.000000
          0.500000    0.000000    0.000000

(  SETUP OF NMA COMPLETED  )



(  SETUP VIB MODULE  )

   >> RUN OPTIONS
      VSCF    =     F
      OC-VSCF =     T
      VCI     =     F
      VPT     =     F
      VQDPT   =     F
      PRPT    =     F


   >> BASIS FUNCTIONS
      MODE :         1        2        3        4        5        6
      MAXV :         8        8        8        8        8        8
      FREQ :    827.43   959.44   982.79  1075.84  1246.52  1384.45

      MODE :         7        8        9       10       11       12
      MAXV :         8        8        8        8        8        8
      FREQ :   1484.77  1684.92  3180.12  3198.10  3268.47  3295.24


(  SETUP OCVSCF MODULE  )

   o MOPFILE = prop_no_1.mop
   o ICFF    =          0
   o MAXITER =         30
   o PFIT    =          2
   o ETHRESH =  0.100E-05
   o GTHRESH =  0.100E-05
   o ISCREEN =          0
   o ETA12THRESH =   500.00

   > VSCF RUN WITH THE INITIAL COORDINATES... 


(  ENTER VSCF MODULE  )

  ---  VIBRATIONAL SELF-CONSISTENT FIELD CALCULATIONS   ---

   >> SCF OPTIONS
       STATE SPECIFIC :        F
              RESTART :        F
        MAX ITERATION :       80
         CONV. THRESH : 0.10E-04

   >> FILES
       WFN READ/WRITE FILE : vscf_xxx.wfn

   >> STATE 000:   ZERO-POINT STATE

       o INITIAL GUESS FROM (CONTRACTED) HARMONIC OSCILLATOR 

   -- (ITERATION) -------- (EOLD) -------- (ENEW) ----- (DELTA E) --
                1        11254.90        11207.49      -0.474D+02
                2        11207.49        11205.84      -0.165D+01
                3        11205.84        11205.73      -0.108D+00
                4        11205.73        11205.72      -0.796D-02
                5        11205.72        11205.72      -0.631D-03
                6        11205.72        11205.72      -0.525D-04
                7        11205.72        11205.72      -0.449D-05
   -----------------------------------------------------------------
       E(VSCF)=    11205.72316926

       o COEFFICIENTS

         -MODES-          1         2         3         4         5         6
              0    -0.99992  -0.99999   0.99999  -1.00000   1.00000   0.99768
              1    -0.00000  -0.00000   0.00000  -0.00000  -0.00000   0.06763
              2     0.01190   0.00196  -0.00184  -0.00235   0.00233   0.00712
              3    -0.00000  -0.00000  -0.00000  -0.00000  -0.00000   0.00371
              4     0.00441   0.00278  -0.00277   0.00125  -0.00054   0.00029
              5     0.00000   0.00000  -0.00000   0.00000   0.00000   0.00004
              6    -0.00044  -0.00011   0.00011  -0.00001  -0.00000   0.00002
              7    -0.00000  -0.00000   0.00000   0.00000   0.00000   0.00000
              8    -0.00008  -0.00004   0.00004  -0.00001   0.00000   0.00000
         -MODES-          7         8         9        10        11        12
              0     0.99998   0.99648  -0.99997   0.99511  -0.99996  -0.99996
              1     0.00000  -0.08272  -0.00000  -0.09658   0.00000   0.00000
              2     0.00595   0.00919  -0.00810   0.01350  -0.00878  -0.00876
              3     0.00000  -0.01002  -0.00000  -0.01562  -0.00000  -0.00000
              4    -0.00017   0.00151   0.00100   0.00296   0.00111   0.00106
              5    -0.00000  -0.00022  -0.00000  -0.00054  -0.00000  -0.00000
              6    -0.00000   0.00021   0.00002   0.00051   0.00002   0.00002
              7    -0.00000  -0.00004   0.00000  -0.00012   0.00000   0.00000
              8     0.00000   0.00001  -0.00001   0.00002  -0.00001  -0.00001

       o VIBRATIONALLY AVERAGED STRUCTURE

         - Q0 -
              0.000000    0.000000    0.000000
              0.000000   -0.000000    1.214334
              0.000001   -1.350809    0.000000
             -1.153014   -0.000000   -0.000000

         - X0 -
              0.000000   -0.000000    1.265107
             -0.000000    0.000000   -1.265107
             -0.000000    1.756968    2.333722
              0.000000   -1.756968    2.333722
              0.000000    1.756968   -2.333722
             -0.000000   -1.756968   -2.333722


(  FINALIZE VSCF MODULE  )

   > SAFELY RETURNED TO OCVSCF MODULE 

   > START OF OPTIMIZA

   o ITERATION:    1
      PAIR     NEWANGLE    E0                  ENEW                DELTA-E             GRADIENT
      1   2      0.0000    11205.7231692624    11205.7231692624    0.0000000000E+00   -0.5884026161E-13
      1   3      0.0000    11205.7231692624    11205.7231692624    0.0000000000E+00    0.6559894031E-14
      2   3     36.0000    11205.7231692624    11205.6678862671   -0.5528299529E-01   -0.5061412760E-06
      1   4      0.0000    11205.6678862671    11205.6678862671    0.0000000000E+00    0.1232464939E-13
      2   4      0.0000    11205.6678862671    11205.6678862671    0.0000000000E+00    0.7128418180E-12
      3   4      0.0000    11205.6678862671    11205.6678862671    0.0000000000E+00    0.3339582416E-13
      1   5      0.0000    11205.6678862671    11205.6678862671    0.0000000000E+00   -0.1272533686E-07
      2   5      0.0000    11205.6678862671    11205.6678862671    0.0000000000E+00    0.5844269227E-13
      3   5      0.0000    11205.6678862671    11205.6678862671    0.0000000000E+00   -0.5844269227E-13
      4   5      0.0000    11205.6678862671    11205.6678862671    0.0000000000E+00   -0.3578124017E-14
      1   6      0.0000    11205.6678862671    11205.6678862671    0.0000000000E+00    0.4561710552E-11
      2   6      0.0000    11205.6678862671    11205.6678862671    0.0000000000E+00   -0.1697621061E-12
      3   6      0.0000    11205.6678862671    11205.6678862671    0.0000000000E+00    0.7752602036E-13
      4   6      0.0000    11205.6678862671    11205.6678862671    0.0000000000E+00   -0.2882377680E-13
      5   6      0.0000    11205.6678862671    11205.6678862671    0.0000000000E+00    0.4691318155E-12
      1   7      0.0000    11205.6678862671    11205.6678862671    0.0000000000E+00    0.9945196920E-12
      2   7      0.0000    11205.6678862671    11205.6678862671    0.0000000000E+00   -0.1186744466E-12
      3   7      0.0000    11205.6678862671    11205.6678862671    0.0000000000E+00    0.3518488616E-13
      4   7      0.0000    11205.6678862671    11205.6678862671    0.0000000000E+00   -0.1749305075E-13
      5   7      0.0000    11205.6678862671    11205.6678862671    0.0000000000E+00   -0.2093202550E-12
      6   7      0.0000    11205.6678862671    11205.6678862671    0.0000000000E+00   -0.1056963920E-08
      1   8      0.0000    11205.6678862671    11205.6678862671    0.0000000000E+00    0.1597175169E-10
      2   8      0.0000    11205.6678862671    11205.6678862671    0.0000000000E+00   -0.7434546568E-13
      3   8      0.0000    11205.6678862671    11205.6678862671    0.0000000000E+00    0.6639407898E-13
      4   8      0.0000    11205.6678862671    11205.6678862671    0.0000000000E+00   -0.5168401357E-14
      5   8      0.0000    11205.6678862671    11205.6678862671    0.0000000000E+00   -0.1469813832E-10
      6   8      1.6454    11205.6678862671    11205.6462376228   -0.2164864426E-01    0.2422076535E-07
      7   8      0.0000    11205.6462376228    11205.6462376228    0.0000000000E+00   -0.3843701923E-08
      1   9      0.0000    11205.6462376228    11205.6462376228    0.0000000000E+00    0.3183099125E-10
      2   9      0.0000    11205.6462376228    11205.6462376228    0.0000000000E+00   -0.1771171388E-12
      3   9      0.0000    11205.6462376228    11205.6462376228    0.0000000000E+00    0.3681492044E-12
      4   9      0.0000    11205.6462376228    11205.6462376228    0.0000000000E+00    0.1025728885E-12
      5   9      0.0000    11205.6462376228    11205.6462376228    0.0000000000E+00    0.2126956186E-10
      6   9      0.0000    11205.6462376228    11205.6462376228    0.0000000000E+00   -0.5851160654E-07
      7   9      0.0719    11205.6462376228    11205.6449073965   -0.1330226307E-02   -0.9658447826E-06
      8   9      0.0000    11205.6449073965    11205.6449073965    0.0000000000E+00   -0.4339033657E-07

        o MAX NUMBER OF ITERATION REACHED ... EXIT THE LOOP. 
        o CURRENT VSCF STATE IS UNCONVERGED.
   -----------------------------------------------------------------
       E(VSCF)=    11490.21298252

 VSCF UNCONVERGED.. SKIP THE FOURIER FIT.
      1  10      0.0000    11205.6449073965    11205.6449073965    0.0000000000E+00   -0.3856422551E-10

        o MAX NUMBER OF ITERATION REACHED ... EXIT THE LOOP. 
        o CURRENT VSCF STATE IS UNCONVERGED.
   -----------------------------------------------------------------
       E(VSCF)=    11456.34383768

 VSCF UNCONVERGED.. SKIP THE FOURIER FIT.
      2  10      0.0000    11205.6449073965    11205.6449073965    0.0000000000E+00   -0.3812689924E-12

        o MAX NUMBER OF ITERATION REACHED ... EXIT THE LOOP. 
        o CURRENT VSCF STATE IS UNCONVERGED.
   -----------------------------------------------------------------
       E(VSCF)=    11454.36709622

 VSCF UNCONVERGED.. SKIP THE FOURIER FIT.
      3  10      0.0000    11205.6449073965    11205.6449073965    0.0000000000E+00   -0.2578237139E-12
      4  10      0.0000    11205.6449073965    11205.6449073965    0.0000000000E+00   -0.6993244606E-12
      5  10      0.0000    11205.6449073965    11205.6449073965    0.0000000000E+00    0.2879912750E-10
      6  10      0.0221    11205.6449073965    11205.6447490730   -0.1583235600E-03   -0.4413400842E-06
      7  10      0.0000    11205.6447490730    11205.6447490730    0.0000000000E+00    0.8710159111E-07
      8  10     -0.3029    11205.6447490730    11205.6308565021   -0.1389257088E-01    0.8488920323E-09
      9  10    -44.9948    11205.6308565021    11199.8804940982   -0.5750362404E+01    0.1704573396E-07
      1  11      0.0000    11199.8804940982    11199.8804940982    0.0000000000E+00    0.1413386727E-06
      2  11      0.0000    11199.8804940982    11199.8804940982    0.0000000000E+00    0.3270007782E-12
      3  11      0.0000    11199.8804940982    11199.8804940982    0.0000000000E+00    0.1254331253E-12
      4  11      0.0000    11199.8804940982    11199.8804940982    0.0000000000E+00    0.2916171074E-12
      5  11     -0.1573    11199.8804940982    11199.8725776399   -0.7916458356E-02    0.1761488190E-08
      6  11      0.0000    11199.8725776399    11199.8725776399    0.0000000000E+00    0.1348555185E-11
      7  11      0.0000    11199.8725776399    11199.8725776399    0.0000000000E+00   -0.7903280814E-11
      8  11      0.0000    11199.8725776399    11199.8725776399    0.0000000000E+00   -0.3445793063E-10
      9  11     44.9950    11199.8725776399    11197.5668452083   -0.2305732432E+01   -0.7422683497E-08
     10  11    -10.5033    11197.5668452083    11197.0215908395   -0.5452543688E+00   -0.1908628799E-08
      1  12      0.0118    11197.0215908395    11197.0215056556   -0.8518394011E-04   -0.1620843266E-08
      2  12      0.0000    11197.0215056556    11197.0215056556    0.0000000000E+00    0.3427047669E-12
      3  12      0.0000    11197.0215056556    11197.0215056556    0.0000000000E+00   -0.2063384850E-12
      4  12      0.0000    11197.0215056556    11197.0215056556    0.0000000000E+00    0.1878515109E-12
      5  12      0.0000    11197.0215056556    11197.0215056556    0.0000000000E+00   -0.6896335053E-07
      6  12      0.0000    11197.0215056556    11197.0215056556    0.0000000000E+00   -0.2684771607E-07
      7  12      0.0000    11197.0215056556    11197.0215056556    0.0000000000E+00    0.1707142250E-07
      8  12      0.0000    11197.0215056556    11197.0215056556    0.0000000000E+00    0.2930582962E-08
      9  12     29.1801    11197.0215056556    11192.4884949706   -0.4533010685E+01    0.2605501450E-08
     10  12     43.7095    11192.4884949706    11186.9635570877   -0.5524937883E+01   -0.4625581457E-08
     11  12     29.2197    11186.9635570877    11179.0030625117   -0.7960494576E+01   -0.3336582894E-07

          DELTA E =        26.7201067507

   o ITERATION:    2
      PAIR     NEWANGLE    E0                  ENEW                DELTA-E             GRADIENT
      1   2      0.0000    11179.0030625117    11179.0030625117    0.0000000000E+00   -0.4850345889E-13
      1   3      0.0000    11179.0030625117    11179.0030625117    0.0000000000E+00    0.4432898087E-13
      2   3     18.0000    11179.0030625117    11179.0030475619   -0.1494981953E-04    0.5155327813E-06
      1   4      0.0000    11179.0030475619    11179.0030475619    0.0000000000E+00    0.1292100339E-13
      2   4      0.0000    11179.0030475619    11179.0030475619    0.0000000000E+00    0.5686728005E-08
      3   4      0.0000    11179.0030475619    11179.0030475619    0.0000000000E+00    0.3817235056E-07
      1   5      0.0000    11179.0030475619    11179.0030475619    0.0000000000E+00    0.9251409805E-08
      2   5      0.0000    11179.0030475619    11179.0030475619    0.0000000000E+00    0.3498610150E-13
      3   5      0.0000    11179.0030475619    11179.0030475619    0.0000000000E+00   -0.7613452769E-13
      4   5      0.0000    11179.0030475619    11179.0030475619    0.0000000000E+00   -0.3975693352E-14
      1   6      0.0000    11179.0030475619    11179.0030475619    0.0000000000E+00    0.6621747709E-07
      2   6      0.0000    11179.0030475619    11179.0030475619    0.0000000000E+00   -0.1355711433E-12
      3   6      0.0000    11179.0030475619    11179.0030475619    0.0000000000E+00    0.1315954499E-12
      4   6      0.0000    11179.0030475619    11179.0030475619    0.0000000000E+00   -0.2862499213E-13
      5   6      0.0000    11179.0030475619    11179.0030475619    0.0000000000E+00    0.1710685885E-07
      1   7      0.0000    11179.0030475619    11179.0030475619    0.0000000000E+00   -0.1439605826E-06
      2   7      0.0000    11179.0030475619    11179.0030475619    0.0000000000E+00   -0.9859719513E-13
      3   7      0.0000    11179.0030475619    11179.0030475619    0.0000000000E+00    0.7116491100E-13
      4   7      0.0000    11179.0030475619    11179.0030475619    0.0000000000E+00   -0.1789062008E-13
      5   7      0.0000    11179.0030475619    11179.0030475619    0.0000000000E+00   -0.2077553068E-07
      6   7      0.0000    11179.0030475619    11179.0030475619    0.0000000000E+00   -0.9942328457E-09
      1   8      0.0000    11179.0030475619    11179.0030475619    0.0000000000E+00    0.1156750781E-06
      2   8      0.0000    11179.0030475619    11179.0030475619    0.0000000000E+00   -0.4273870353E-13
      3   8      0.0000    11179.0030475619    11179.0030475619    0.0000000000E+00    0.8269442172E-13
      4   8      0.0000    11179.0030475619    11179.0030475619    0.0000000000E+00   -0.2385416011E-14
      5   8      0.0000    11179.0030475619    11179.0030475619    0.0000000000E+00    0.3410058418E-07
      6   8      0.0000    11179.0030475619    11179.0030475619    0.0000000000E+00   -0.4875628931E-06
      7   8      0.0000    11179.0030475619    11179.0030475619    0.0000000000E+00    0.1801702328E-08
      1   9     -0.0031    11179.0030475619    11179.0030421831   -0.5378726439E-05   -0.2465011380E-08
      2   9      0.0000    11179.0030421831    11179.0030421831    0.0000000000E+00    0.5130632271E-12
      3   9      0.0000    11179.0030421831    11179.0030421831    0.0000000000E+00    0.9541664044E-13
      4   9      0.0000    11179.0030421831    11179.0030421831    0.0000000000E+00    0.6293522576E-12
      5   9      0.0127    11179.0030421831    11179.0029919100   -0.5027311394E-04    0.1197548412E-08
      6   9     -0.0292    11179.0029919100    11179.0027298059   -0.2621041354E-03    0.3602637394E-06
      7   9     -0.0378    11179.0027298059    11179.0025334010   -0.1964048781E-03   -0.8271295028E-06
      8   9      0.0044    11179.0025334010    11179.0025298978   -0.3503188541E-05   -0.1247292884E-08
      1  10     -0.0027    11179.0025298978    11179.0025260247   -0.3873121878E-05   -0.4774183134E-08
      2  10      0.0000    11179.0025260247    11179.0025260247    0.0000000000E+00   -0.2478844805E-12
      3  10      0.0000    11179.0025260247    11179.0025260247    0.0000000000E+00   -0.9819962579E-13
      4  10      0.0000    11179.0025260247    11179.0025260247    0.0000000000E+00   -0.3637759417E-12
      5  10     -0.0116    11179.0025260247    11179.0024844175   -0.4160722083E-04   -0.9644149468E-09
      6  10      0.0239    11179.0024844175    11179.0022998935   -0.1845239388E-03   -0.3973276096E-06
      7  10     -0.0216    11179.0022998935    11179.0022469238   -0.5296977799E-04   -0.6025804916E-06
      8  10     -0.0105    11179.0022469238    11179.0022282689   -0.1865488362E-04    0.1203391091E-08
      9  10      2.6186    11179.0022282689    11178.9155177273   -0.8671054161E-01    0.2297506969E-06
      1  11     -0.0033    11178.9155177273    11178.9155117167   -0.6010576088E-05   -0.3441469099E-08
      2  11      0.0000    11178.9155117167    11178.9155117167    0.0000000000E+00    0.1019765345E-12
      3  11      0.0000    11178.9155117167    11178.9155117167    0.0000000000E+00   -0.4090988459E-12
      4  11      0.0000    11178.9155117167    11178.9155117167    0.0000000000E+00   -0.1534617634E-12
      5  11      0.0100    11178.9155117167    11178.9154815699   -0.3014676029E-04    0.1361202661E-08
      6  11      0.0181    11178.9154815699    11178.9153637167   -0.1178532790E-03   -0.4929499384E-06
      7  11      0.0195    11178.9153637167    11178.9153354269   -0.2828970900E-04    0.7172429507E-06
      8  11     -0.0199    11178.9153354269    11178.9152713070   -0.6411990584E-04    0.8918054676E-09
      9  11     -7.3931    11178.9152713070    11178.1766169051   -0.7386544019E+00   -0.2587630032E-07
     10  11    -13.4751    11178.1766169051    11175.6560547405   -0.2520562165E+01    0.7514292039E-07
      1  12     -0.0033    11175.6560547405    11175.6560489252   -0.5815221644E-05   -0.3788421497E-08
      2  12      0.0000    11175.6560489252    11175.6560489252    0.0000000000E+00    0.2288011524E-12
      3  12      0.0000    11175.6560489252    11175.6560489252    0.0000000000E+00   -0.3025502641E-12
      4  12      0.0000    11175.6560489252    11175.6560489252    0.0000000000E+00    0.2822742280E-12
      5  12     -0.0135    11175.6560489252    11175.6559919634   -0.5696183617E-04   -0.1141825094E-08
      6  12     -0.0276    11175.6559919634    11175.6557504742   -0.2414891878E-03    0.4184818742E-06
      7  12      0.0332    11175.6557504742    11175.6556046266   -0.1458475829E-03    0.7724155183E-06
      8  12      0.0111    11175.6556046266    11175.6555838784   -0.2074819016E-04   -0.1263257479E-08
      9  12      3.9528    11175.6555838784    11175.4363721013   -0.2192117771E+00    0.8350749661E-06
     10  12      1.8519    11175.4363721013    11175.3849611590   -0.5141094230E-01    0.1233220418E-06
     11  12      0.2561    11175.3849611590    11175.3839876211   -0.9735378839E-03    0.6295485376E-08

          DELTA E =         3.6190748906

   o ITERATION:    3
      PAIR     NEWANGLE    E0                  ENEW                DELTA-E             GRADIENT
      1   2      0.0000    11175.3839876211    11175.3839876211    0.0000000000E+00   -0.3419096283E-13
      1   3      0.0000    11175.3839876211    11175.3839876211    0.0000000000E+00    0.5565970693E-13
      2   3      0.0000    11175.3839876211    11175.3839876211    0.0000000000E+00    0.5169045813E-06
      1   4      0.0000    11175.3839876211    11175.3839876211    0.0000000000E+00    0.1272221873E-13
      2   4      0.0000    11175.3839876211    11175.3839876211    0.0000000000E+00    0.7215744284E-09
      3   4      0.0000    11175.3839876211    11175.3839876211    0.0000000000E+00    0.1583816839E-09
      1   5      0.0000    11175.3839876211    11175.3839876211    0.0000000000E+00    0.9985305901E-08
      2   5      0.0000    11175.3839876211    11175.3839876211    0.0000000000E+00    0.3637759417E-13
      3   5      0.0000    11175.3839876211    11175.3839876211    0.0000000000E+00   -0.7712845103E-13
      4   5      0.0000    11175.3839876211    11175.3839876211    0.0000000000E+00   -0.3379339349E-14
      1   6      0.0000    11175.3839876211    11175.3839876211    0.0000000000E+00    0.2375062312E-08
      2   6      0.0000    11175.3839876211    11175.3839876211    0.0000000000E+00   -0.1359687126E-12
      3   6      0.0000    11175.3839876211    11175.3839876211    0.0000000000E+00    0.1317942346E-12
      4   6      0.0000    11175.3839876211    11175.3839876211    0.0000000000E+00   -0.2902256147E-13
      5   6      0.0000    11175.3839876211    11175.3839876211    0.0000000000E+00    0.5221790943E-09
      1   7      0.0000    11175.3839876211    11175.3839876211    0.0000000000E+00   -0.3744903756E-08
      2   7      0.0000    11175.3839876211    11175.3839876211    0.0000000000E+00   -0.9959111846E-13
      3   7      0.0000    11175.3839876211    11175.3839876211    0.0000000000E+00    0.6997220299E-13
      4   7      0.0000    11175.3839876211    11175.3839876211    0.0000000000E+00   -0.1709548141E-13
      5   7      0.0000    11175.3839876211    11175.3839876211    0.0000000000E+00   -0.1354988851E-08
      6   7      0.0000    11175.3839876211    11175.3839876211    0.0000000000E+00    0.1693636025E-08
      1   8      0.0000    11175.3839876211    11175.3839876211    0.0000000000E+00    0.3827887012E-08
      2   8      0.0000    11175.3839876211    11175.3839876211    0.0000000000E+00   -0.4333505753E-13
      3   8      0.0000    11175.3839876211    11175.3839876211    0.0000000000E+00    0.8150171371E-13
      4   8      0.0000    11175.3839876211    11175.3839876211    0.0000000000E+00   -0.1192708006E-14
      5   8      0.0000    11175.3839876211    11175.3839876211    0.0000000000E+00   -0.2404651012E-08
      6   8      0.0000    11175.3839876211    11175.3839876211    0.0000000000E+00   -0.5559378691E-06
      7   8      0.0000    11175.3839876211    11175.3839876211    0.0000000000E+00    0.6071616270E-08
      1   9      0.0007    11175.3839876211    11175.3839872275   -0.3936039420E-06   -0.3976012799E-08
      2   9      0.0000    11175.3839872275    11175.3839872275    0.0000000000E+00    0.5011361470E-12
      3   9      0.0000    11175.3839872275    11175.3839872275    0.0000000000E+00    0.1236440632E-12
      4   9      0.0000    11175.3839872275    11175.3839872275    0.0000000000E+00    0.6410805530E-12
      5   9      0.0031    11175.3839872275    11175.3839844369   -0.2790616998E-05    0.1281153864E-08
      6   9      0.0000    11175.3839844369    11175.3839844369    0.0000000000E+00   -0.2186680288E-06
      7   9      0.0131    11175.3839844369    11175.3839463667   -0.3807025564E-04   -0.9230043236E-09
      8   9      0.0069    11175.3839463667    11175.3839380154   -0.8351215551E-05   -0.1246069563E-08
      1  10     -0.0018    11175.3839380154    11175.3839364190   -0.1596415739E-05   -0.3809088940E-08
      2  10      0.0000    11175.3839364190    11175.3839364190    0.0000000000E+00   -0.2955928007E-12
      3  10      0.0000    11175.3839364190    11175.3839364190    0.0000000000E+00   -0.1828818942E-13
      4  10      0.0000    11175.3839364190    11175.3839364190    0.0000000000E+00   -0.3568184783E-12
      5  10      0.0014    11175.3839364190    11175.3839357534   -0.6656460885E-06   -0.1328957402E-08
      6  10      0.0095    11175.3839357534    11175.3839125675   -0.2318584971E-04   -0.8849615103E-09
      7  10     -0.0106    11175.3839125675    11175.3839212833    0.8715747123E-05   -0.8178227044E-06
      8  10     -0.0087    11175.3839212833    11175.3839083848   -0.1289849507E-04    0.1250635846E-08
      9  10     -0.6819    11175.3839083848    11175.3770129524   -0.6895432366E-02   -0.1971571877E-07
      1  11      0.0010    11175.3770129524    11175.3770122155   -0.7369548694E-06   -0.3937073864E-08
      2  11      0.0000    11175.3770122155    11175.3770122155    0.0000000000E+00    0.1005850418E-12
      3  11      0.0000    11175.3770122155    11175.3770122155    0.0000000000E+00   -0.4059182912E-12
      4  11      0.0000    11175.3770122155    11175.3770122155    0.0000000000E+00   -0.1637985661E-12
      5  11      0.0053    11175.3770122155    11175.3770037230   -0.8492467062E-05    0.1281089657E-08
      6  11      0.0103    11175.3770037230    11175.3769760714   -0.2765160019E-04   -0.9664713741E-09
      7  11      0.0228    11175.3769760714    11175.3769321179   -0.4395344633E-04    0.8003142129E-06
      8  11      0.0071    11175.3769321179    11175.3769245603   -0.7557632762E-05    0.1241177273E-08
      9  11      0.0000    11175.3769245603    11175.3769245603    0.0000000000E+00    0.8291246361E-06
     10  11      0.0000    11175.3769245603    11175.3769245603    0.0000000000E+00    0.8678829176E-07
      1  12     -0.0001    11175.3769245603    11175.3769245675    0.7174433347E-08   -0.3909757869E-08
      2  12      0.0000    11175.3769245675    11175.3769245675    0.0000000000E+00    0.2025615763E-12
      3  12      0.0000    11175.3769245675    11175.3769245675    0.0000000000E+00   -0.3110980048E-12
      4  12      0.0000    11175.3769245675    11175.3769245675    0.0000000000E+00    0.2504686812E-12
      5  12      0.0005    11175.3769245675    11175.3769244552   -0.1123238179E-06   -0.1315190968E-08
      6  12      0.0000    11175.3769244552    11175.3769244552    0.0000000000E+00    0.5067809789E-06
      7  12     -0.0117    11175.3769244552    11175.3768937391   -0.3071608074E-04    0.8284756543E-09
      8  12      0.0039    11175.3768937391    11175.3768910154   -0.2723677448E-05   -0.1246451826E-08
      9  12      0.0000    11175.3768910154    11175.3768910154    0.0000000000E+00    0.6525096830E-06
     10  12      0.0000    11175.3768910154    11175.3768910154    0.0000000000E+00    0.1234671342E-06
     11  12      0.0000    11175.3768910154    11175.3768910154    0.0000000000E+00    0.7605032847E-08

          DELTA E =         0.0071140516

   o ITERATION:    4
      PAIR     NEWANGLE    E0                  ENEW                DELTA-E             GRADIENT
      1   2      0.0000    11175.3768910154    11175.3768910154    0.0000000000E+00   -0.3379339349E-13
      1   3      0.0000    11175.3768910154    11175.3768910154    0.0000000000E+00    0.5367186025E-13
      2   3      0.0000    11175.3768910154    11175.3768910154    0.0000000000E+00    0.5168541576E-06
      1   4      0.0000    11175.3768910154    11175.3768910154    0.0000000000E+00    0.1351735740E-13
      2   4      0.0000    11175.3768910154    11175.3768910154    0.0000000000E+00    0.5909589869E-09
      3   4      0.0000    11175.3768910154    11175.3768910154    0.0000000000E+00    0.6780604647E-10
      1   5      0.0000    11175.3768910154    11175.3768910154    0.0000000000E+00    0.1160959748E-07
      2   5      0.0000    11175.3768910154    11175.3768910154    0.0000000000E+00    0.3558245550E-13
      3   5      0.0000    11175.3768910154    11175.3768910154    0.0000000000E+00   -0.7692966636E-13
      4   5      0.0000    11175.3768910154    11175.3768910154    0.0000000000E+00   -0.1987846676E-14
      1   6      0.0000    11175.3768910154    11175.3768910154    0.0000000000E+00   -0.1325697930E-08
      2   6      0.0000    11175.3768910154    11175.3768910154    0.0000000000E+00   -0.1373602053E-12
      3   6      0.0000    11175.3768910154    11175.3768910154    0.0000000000E+00    0.1300051726E-12
      4   6      0.0000    11175.3768910154    11175.3768910154    0.0000000000E+00   -0.2822742280E-13
      5   6      0.0000    11175.3768910154    11175.3768910154    0.0000000000E+00    0.4156654986E-09
      1   7      0.0000    11175.3768910154    11175.3768910154    0.0000000000E+00   -0.2951218997E-08
      2   7      0.0000    11175.3768910154    11175.3768910154    0.0000000000E+00   -0.1005850418E-12
      3   7      0.0000    11175.3768910154    11175.3768910154    0.0000000000E+00    0.7156248033E-13
      4   7      0.0000    11175.3768910154    11175.3768910154    0.0000000000E+00   -0.1769183542E-13
      5   7      0.0000    11175.3768910154    11175.3768910154    0.0000000000E+00    0.8464249158E-09
      6   7      0.0000    11175.3768910154    11175.3768910154    0.0000000000E+00    0.1315008086E-08
      1   8      0.0000    11175.3768910154    11175.3768910154    0.0000000000E+00   -0.1262363147E-08
      2   8      0.0000    11175.3768910154    11175.3768910154    0.0000000000E+00   -0.4194356486E-13
      3   8      0.0000    11175.3768910154    11175.3768910154    0.0000000000E+00    0.8229685238E-13
      4   8      0.0000    11175.3768910154    11175.3768910154    0.0000000000E+00   -0.3180554681E-14
      5   8      0.0000    11175.3768910154    11175.3768910154    0.0000000000E+00    0.4082059052E-09
      6   8      0.0000    11175.3768910154    11175.3768910154    0.0000000000E+00   -0.5579896684E-06
      7   8      0.0000    11175.3768910154    11175.3768910154    0.0000000000E+00    0.4570612328E-08
      1   9     -0.0006    11175.3768910154    11175.3768909013   -0.1140812571E-06   -0.3892462609E-08
      2   9      0.0000    11175.3768909013    11175.3768909013    0.0000000000E+00    0.5051118403E-12
      3   9      0.0000    11175.3768909013    11175.3768909013    0.0000000000E+00    0.1242404172E-12
      4   9      0.0000    11175.3768909013    11175.3768909013    0.0000000000E+00    0.6458513850E-12
      5   9      0.0001    11175.3768909013    11175.3768909038    0.2521940485E-08    0.1307883246E-08
      6   9      0.0000    11175.3768909038    11175.3768909038    0.0000000000E+00   -0.2644106239E-06
      7   9      0.0000    11175.3768909038    11175.3768909038    0.0000000000E+00    0.8592858147E-07
      8   9     -0.0004    11175.3768909038    11175.3768909113    0.7488152997E-08   -0.1245611364E-08
      1  10      0.0004    11175.3768909113    11175.3768907651   -0.1462542732E-06   -0.3921911166E-08
      2  10      0.0000    11175.3768907651    11175.3768907651    0.0000000000E+00   -0.2896292607E-12
      3  10      0.0000    11175.3768907651    11175.3768907651    0.0000000000E+00   -0.1908332809E-13
      4  10      0.0000    11175.3768907651    11175.3768907651    0.0000000000E+00   -0.3498610150E-12
      5  10      0.0001    11175.3768907651    11175.3768907550   -0.1006948701E-07   -0.1310705789E-08
      6  10      0.0000    11175.3768907550    11175.3768907550    0.0000000000E+00   -0.5880161926E-07
      7  10      0.0000    11175.3768907550    11175.3768907550    0.0000000000E+00   -0.8677112774E-06
      8  10     -0.0004    11175.3768907550    11175.3768906933   -0.6172662544E-07    0.1245207434E-08
      9  10      0.0000    11175.3768906933    11175.3768906933    0.0000000000E+00   -0.1966700579E-07
      1  11      0.0005    11175.3768906933    11175.3768904656   -0.2276416786E-06   -0.3950215320E-08
      2  11      0.0000    11175.3768904656    11175.3768904656    0.0000000000E+00    0.9879597979E-13
      3  11      0.0000    11175.3768904656    11175.3768904656    0.0000000000E+00   -0.4053219372E-12
      4  11      0.0000    11175.3768904656    11175.3768904656    0.0000000000E+00   -0.1630034274E-12
      5  11     -0.0005    11175.3768904656    11175.3768903402   -0.1254695849E-06    0.1316404349E-08
      6  11      0.0000    11175.3768903402    11175.3768903402    0.0000000000E+00   -0.5079269910E-07
      7  11      0.0000    11175.3768903402    11175.3768903402    0.0000000000E+00    0.7807382457E-06
      8  11      0.0001    11175.3768903402    11175.3768903449    0.4745390429E-08    0.1244065018E-08
      9  11      0.0000    11175.3768903449    11175.3768903449    0.0000000000E+00    0.8290984750E-06
     10  11      0.0000    11175.3768903449    11175.3768903449    0.0000000000E+00    0.8677084284E-07
      1  12     -0.0002    11175.3768903449    11175.3768903414   -0.3557519911E-08   -0.3888588892E-08
      2  12      0.0000    11175.3768903414    11175.3768903414    0.0000000000E+00    0.2041518536E-12
      3  12      0.0000    11175.3768903414    11175.3768903414    0.0000000000E+00   -0.3085138041E-12
      4  12      0.0000    11175.3768903414    11175.3768903414    0.0000000000E+00    0.2494747578E-12
      5  12     -0.0002    11175.3768903414    11175.3768903389   -0.2445794939E-08   -0.1308856297E-08
      6  12      0.0000    11175.3768903389    11175.3768903389    0.0000000000E+00    0.4819710135E-06
      7  12      0.0000    11175.3768903389    11175.3768903389    0.0000000000E+00    0.8157340342E-08
      8  12      0.0000    11175.3768903389    11175.3768903354   -0.3481374365E-08   -0.1244916214E-08
      9  12      0.0000    11175.3768903354    11175.3768903354    0.0000000000E+00    0.6525106394E-06
     10  12      0.0000    11175.3768903354    11175.3768903354    0.0000000000E+00    0.1234764904E-06
     11  12      0.0000    11175.3768903354    11175.3768903354    0.0000000000E+00    0.7614044948E-08

          DELTA E =         0.0000007095

   > OPTIMIZATION CONVERGED!
   > END OF OPTIMIZA


   o TRANSFORMATION MATRIX WRITTEN TO : [ u1.dat ]
   o FORCE CONSTANTS WRITTEN TO       : [ prop_no_1.mop_ocvscf ]
   o NEW COORDINATES WRITTEN TO       : [ eq-mp2tz_ocvscf.minfo ]

   o HARMONIC FREQUENCIES OF THE NEW MODES
         -MODE-    -FREQ(CM-1)-
             1         827.4246221
             2         974.7856556
             3         967.5707639
             4        1075.8387752
             5        1246.5430655
             6        1384.7252839
             7        1484.7666032
             8        1684.7638579
             9        3236.0257850
            10        3235.8547549
            11        3235.6504566
            12        3235.7647159

(  FINALIZE OCVSCF MODULE  )


(  FINALIZE VIB MODULE  )


(  FINALIZE NMA MODULE  )


(  FINALIZE MOL MODULE  )



   (TOTAL MEMORY USAGE)   [     0.34 MB /  1000.00 MB (  0.0 % ) ] 

   (CLOCK) ---->  TOTAL CPU-TIME  <----
            >     USER :   0 DAYS   0 HOURS   0 MINS  27.5 SECS 
            >    SYSTEM:   0 DAYS   0 HOURS   0 MINS   1.4 SECS 

