 -------------------------------------------------------
                                                      
    ***   WELCOME TO SINDO PROGRAM                    
     ***                (  VERSION 3.4  NARITA  ) 
      ***                                             
       ***       COPYRIGHT 2013:                      
        ***         KIYOSHI YAGI  KIYOSHI.YAGI@RIKEN.JP
                                                      
 -------------------------------------------------------

     JOB STARTED AT: Fri Jul 19 16:42:12 2013
     RUNNING ON kyagi-mac.ad78.riken.go.jp      


(  SETUP MEM MODULE  )

   o MAXIMUM MEMORY : 1000 MB


(  SETUP MOL MODULE  )


   READ DATA FROM A MINFO FILE : [ eq-mp2tz.minfo ]


(  ENTER NMA MODULE  )


      o ATOMIC MASS
        21874.6618  21874.6618   1837.1527   1837.1527   1837.1527
         1837.1527

      o REFERENCE GEOMETRY
         -0.000000    0.000000    1.258351
          0.000000    0.000000   -1.258351
         -0.000000    1.743555    2.320370
         -0.000000   -1.743555    2.320370
          0.000000    1.743555   -2.320370
          0.000000   -1.743555   -2.320370

      o NORMAL DISPLACEMENT VECTOR
          0.000000   -0.133236    0.000000
         -0.000000   -0.133236    0.000000
         -0.000000    0.229875   -0.433914
         -0.000000    0.229875    0.433914
          0.000000    0.229875    0.433914
         -0.000000    0.229875   -0.433914

          0.426334    0.000000   -0.000000
         -0.426334    0.000000    0.000000
         -0.398898   -0.000000    0.000000
         -0.398898   -0.000000   -0.000000
          0.398898   -0.000000   -0.000000
          0.398898   -0.000000    0.000000

          0.268155   -0.000000   -0.000000
          0.268155    0.000000    0.000000
         -0.462652   -0.000000    0.000000
         -0.462652   -0.000000    0.000000
         -0.462652   -0.000000   -0.000000
         -0.462652   -0.000000    0.000000

         -0.000000   -0.000000    0.000000
         -0.000000    0.000000   -0.000000
         -0.500000   -0.000000    0.000000
          0.500000    0.000000   -0.000000
          0.500000   -0.000000   -0.000000
         -0.500000   -0.000000    0.000000

          0.000000    0.428006    0.000000
          0.000000   -0.428006   -0.000000
         -0.000000   -0.113910    0.381353
         -0.000000   -0.113910   -0.381353
         -0.000000    0.113910    0.381353
         -0.000000    0.113910   -0.381353

         -0.000000   -0.000000    0.332536
         -0.000000    0.000000   -0.332536
          0.000000   -0.167338    0.408298
         -0.000000    0.167338    0.408298
         -0.000000   -0.167338   -0.408298
          0.000000    0.167338   -0.408298

         -0.000000   -0.000000   -0.227057
          0.000000    0.000000   -0.227057
          0.000000   -0.266006    0.391744
          0.000000    0.266006    0.391744
          0.000000    0.266006    0.391744
          0.000000   -0.266006    0.391744

         -0.000000   -0.000000   -0.596689
         -0.000000    0.000000    0.596689
          0.000000   -0.220721    0.152524
          0.000000    0.220721    0.152524
          0.000000   -0.220721   -0.152524
          0.000000    0.220721   -0.152524

         -0.000000    0.000000   -0.142662
         -0.000000    0.000000   -0.142662
          0.000000    0.423369    0.246136
          0.000000   -0.423369    0.246136
          0.000000   -0.423368    0.246136
         -0.000000    0.423368    0.246136

          0.000000   -0.000000    0.182707
         -0.000000   -0.000000   -0.182707
         -0.000000   -0.416269   -0.245008
         -0.000000    0.416269   -0.245008
         -0.000000   -0.416270    0.245008
          0.000000    0.416270    0.245008

          0.000000   -0.229709   -0.000000
         -0.000000    0.229709    0.000000
         -0.000000    0.402021    0.248990
         -0.000000    0.402021   -0.248990
         -0.000000   -0.402021    0.248990
          0.000000   -0.402021   -0.248990

          0.000000   -0.232713   -0.000000
          0.000000   -0.232713    0.000000
          0.000000    0.401502    0.248432
         -0.000000    0.401502   -0.248432
         -0.000000    0.401502   -0.248432
          0.000000    0.401502    0.248432


      o TRANSLATIONAL VECTOR
          0.654288    0.000000    0.000000
          0.654288    0.000000    0.000000
          0.189614    0.000000    0.000000
          0.189614    0.000000    0.000000
          0.189614    0.000000    0.000000
          0.189614    0.000000    0.000000

          0.000000    0.654288    0.000000
          0.000000    0.654288    0.000000
          0.000000    0.189614    0.000000
          0.000000    0.189614    0.000000
          0.000000    0.189614    0.000000
          0.000000    0.189614    0.000000

          0.000000    0.000000    0.654288
          0.000000    0.000000    0.654288
          0.000000    0.000000    0.189614
          0.000000    0.000000    0.189614
          0.000000    0.000000    0.189614
          0.000000    0.000000    0.189614


      o ROTATIONAL VECTOR
          0.000000   -0.513852    0.000000
          0.000000    0.513852    0.000000
          0.000000   -0.274597    0.206336
          0.000000   -0.274597   -0.206336
          0.000000    0.274597    0.206336
          0.000000    0.274597   -0.206336

          0.564127    0.000000    0.000000
         -0.564127    0.000000   -0.000000
          0.301463    0.000000    0.000000
          0.301463    0.000000    0.000000
         -0.301463    0.000000   -0.000000
         -0.301463    0.000000   -0.000000

         -0.000000    0.000000    0.000000
          0.000000    0.000000    0.000000
         -0.500000    0.000000    0.000000
          0.500000    0.000000    0.000000
         -0.500000    0.000000    0.000000
          0.500000    0.000000    0.000000

(  SETUP OF NMA COMPLETED  )



(  SETUP VIB MODULE  )

   >> RUN OPTIONS
      VSCF    =     F
      OC-VSCF =     T
      VCI     =     F
      VPT     =     F
      VQDPT   =     F
      PRPT    =     F


   >> BASIS FUNCTIONS
      MODE :         1        2        3        4        5        6
      MAXV :         8        8        8        8        8        8
      FREQ :    827.43   959.44   982.79  1075.84  1246.52  1384.45

      MODE :         7        8        9       10       11       12
      MAXV :         8        8        8        8        8        8
      FREQ :   1484.77  1684.92  3180.12  3198.10  3268.47  3295.24


(  SETUP OCVSCF MODULE  )

   o MOPFILE = prop_no_1.mop
   o ICFF    =          1
   o MAXITER =         30
   o PFIT    =          2
   o ETHRESH =  0.100E-05
   o GTHRESH =  0.100E-05
   o ISCREEN =          0
   o ETA12THRESH =   500.00

   > VSCF RUN WITH THE INITIAL COORDINATES... 


(  ENTER VSCF MODULE  )

  ---  VIBRATIONAL SELF-CONSISTENT FIELD CALCULATIONS   ---

   >> SCF OPTIONS
       STATE SPECIFIC :        F
              RESTART :        F
        MAX ITERATION :       80
         CONV. THRESH : 0.10E-04

   >> FILES
       WFN READ/WRITE FILE : vscf_xxx.wfn

   >> STATE 000:   ZERO-POINT STATE

       o INITIAL GUESS FROM (CONTRACTED) HARMONIC OSCILLATOR 

   -- (ITERATION) -------- (EOLD) -------- (ENEW) ----- (DELTA E) --
                1        11294.04        11246.38      -0.477D+02
                2        11246.38        11244.47      -0.190D+01
                3        11244.47        11244.34      -0.131D+00
                4        11244.34        11244.33      -0.921D-02
                5        11244.33        11244.33      -0.648D-03
                6        11244.33        11244.33      -0.456D-04
                7        11244.33        11244.33      -0.321D-05
   -----------------------------------------------------------------
       E(VSCF)=    11244.33325083

       o COEFFICIENTS

         -MODES-          1         2         3         4         5         6
              0     0.99990   0.99996   0.99995  -0.99998   0.99999   0.99754
              1     0.00000   0.00000   0.00000  -0.00000  -0.00000   0.06983
              2    -0.01435  -0.00938  -0.01048   0.00645  -0.00332   0.00492
              3     0.00000  -0.00000  -0.00000  -0.00000   0.00000   0.00345
              4     0.00025   0.00011   0.00013  -0.00005   0.00001   0.00051
              5    -0.00000   0.00000   0.00000   0.00000   0.00000   0.00006
              6    -0.00000  -0.00000  -0.00000   0.00000  -0.00000   0.00003
              7     0.00000  -0.00000  -0.00000  -0.00000  -0.00000   0.00001
              8     0.00000   0.00000   0.00000  -0.00000   0.00000   0.00000
         -MODES-          7         8         9        10        11        12
              0     1.00000   0.99638   0.99997   0.99485  -0.99997   0.99997
              1     0.00000  -0.08399   0.00000  -0.09897   0.00000  -0.00000
              2    -0.00223   0.00774   0.00823   0.01399  -0.00831   0.00823
              3    -0.00000  -0.01000   0.00000  -0.01637  -0.00000   0.00000
              4     0.00001   0.00212   0.00008   0.00435  -0.00008   0.00008
              5     0.00000  -0.00037   0.00000  -0.00111  -0.00000   0.00000
              6    -0.00000   0.00025   0.00000   0.00073  -0.00000   0.00000
              7    -0.00000  -0.00008   0.00000  -0.00028  -0.00000   0.00000
              8     0.00000   0.00002   0.00000   0.00010  -0.00000   0.00000

       o VIBRATIONALLY AVERAGED STRUCTURE

         - Q0 -
              0.000000    0.000000    0.000000
              0.000000   -0.000000    1.249561
              0.000001   -1.368432    0.000000
             -1.182902   -0.000000   -0.000000

         - X0 -
              0.000000   -0.000000    1.265220
             -0.000000    0.000000   -1.265220
             -0.000000    1.757211    2.334166
              0.000000   -1.757211    2.334166
              0.000000    1.757211   -2.334166
             -0.000000   -1.757211   -2.334166


(  FINALIZE VSCF MODULE  )

   > SAFELY RETURNED TO OCVSCF MODULE 

   > START OF OPTIMIZA

   o ITERATION:    1
      PAIR     NEWANGLE    E0                  ENEW                DELTA-E             GRADIENT
      1   2      0.0000    11244.3332508318    11244.3332508318    0.0000000000E+00    0.1391492673E-14
      1   3      0.0000    11244.3332508318    11244.3332508318    0.0000000000E+00   -0.3975693352E-15
      2   3      0.0000    11244.3332508318    11244.3332508318    0.0000000000E+00   -0.4320584750E-11
      1   4      0.0000    11244.3332508318    11244.3332508318    0.0000000000E+00    0.3975693352E-15
      2   4      0.0000    11244.3332508318    11244.3332508318    0.0000000000E+00   -0.5744876893E-13
      3   4      0.0000    11244.3332508318    11244.3332508318    0.0000000000E+00    0.7752602036E-14
      1   5      0.0000    11244.3332508318    11244.3332508318    0.0000000000E+00    0.4490645033E-10
      2   5      0.0000    11244.3332508318    11244.3332508318    0.0000000000E+00    0.3975693352E-15
      3   5      0.0000    11244.3332508318    11244.3332508318    0.0000000000E+00   -0.3180554681E-14
      4   5      0.0000    11244.3332508318    11244.3332508318    0.0000000000E+00   -0.5963540028E-15
      1   6      0.0000    11244.3332508318    11244.3332508318    0.0000000000E+00   -0.1062702833E-11
      2   6      0.0000    11244.3332508318    11244.3332508318    0.0000000000E+00    0.2385416011E-14
      3   6      0.0000    11244.3332508318    11244.3332508318    0.0000000000E+00    0.6361109363E-14
      4   6      0.0000    11244.3332508318    11244.3332508318    0.0000000000E+00   -0.9541664044E-14
      5   6      0.0000    11244.3332508318    11244.3332508318    0.0000000000E+00   -0.6659286364E-13
      1   7      0.0000    11244.3332508318    11244.3332508318    0.0000000000E+00   -0.1120747956E-11
      2   7      0.0000    11244.3332508318    11244.3332508318    0.0000000000E+00    0.8547740706E-14
      3   7      0.0000    11244.3332508318    11244.3332508318    0.0000000000E+00    0.7951386704E-14
      4   7      0.0000    11244.3332508318    11244.3332508318    0.0000000000E+00    0.0000000000E+00
      5   7      0.0000    11244.3332508318    11244.3332508318    0.0000000000E+00    0.2564322212E-13
      6   7      0.0000    11244.3332508318    11244.3332508318    0.0000000000E+00   -0.1253675263E-10
      1   8      0.0000    11244.3332508318    11244.3332508318    0.0000000000E+00    0.1099279212E-12
      2   8      0.0000    11244.3332508318    11244.3332508318    0.0000000000E+00    0.5367186025E-14
      3   8      0.0000    11244.3332508318    11244.3332508318    0.0000000000E+00    0.9342879377E-14
      4   8      0.0000    11244.3332508318    11244.3332508318    0.0000000000E+00    0.5565970693E-14
      5   8      0.0000    11244.3332508318    11244.3332508318    0.0000000000E+00   -0.4675415382E-12
      6   8     -3.5043    11244.3332508318    11244.2423054963   -0.9094533554E-01   -0.2447105338E-06
      7   8      0.0000    11244.2423054963    11244.2423054963    0.0000000000E+00   -0.9099169374E-11
      1   9      0.0000    11244.2423054963    11244.2423054963    0.0000000000E+00    0.1116772263E-10
      2   9      0.0000    11244.2423054963    11244.2423054963    0.0000000000E+00    0.1121145525E-12
      3   9      0.0000    11244.2423054963    11244.2423054963    0.0000000000E+00    0.9342879377E-13
      4   9      0.0000    11244.2423054963    11244.2423054963    0.0000000000E+00   -0.1192708006E-14
      5   9      0.0000    11244.2423054963    11244.2423054963    0.0000000000E+00   -0.3808515446E-11
      6   9      0.0000    11244.2423054963    11244.2423054963    0.0000000000E+00    0.4713725163E-09
      7   9      0.0545    11244.2423054963    11244.2416350510   -0.6704452666E-03   -0.4222475058E-06
      8   9      0.0000    11244.2416350510    11244.2416350510    0.0000000000E+00   -0.4617171474E-11

        o MAX NUMBER OF ITERATION REACHED ... EXIT THE LOOP. 
        o CURRENT VSCF STATE IS UNCONVERGED.
   -----------------------------------------------------------------
       E(VSCF)=    11519.02484309

 VSCF UNCONVERGED.. SKIP THE FOURIER FIT.
      1  10      0.0000    11244.2416350510    11244.2416350510    0.0000000000E+00   -0.1498299675E-10

        o MAX NUMBER OF ITERATION REACHED ... EXIT THE LOOP. 
        o CURRENT VSCF STATE IS UNCONVERGED.
   -----------------------------------------------------------------
       E(VSCF)=    11485.04760909

 VSCF UNCONVERGED.. SKIP THE FOURIER FIT.
      2  10      0.0000    11244.2416350510    11244.2416350510    0.0000000000E+00   -0.9104337776E-13
      3  10      0.0000    11244.2416350510    11244.2416350510    0.0000000000E+00   -0.1146987532E-12
      4  10      0.0000    11244.2416350510    11244.2416350510    0.0000000000E+00   -0.2234339664E-12
      5  10      0.0000    11244.2416350510    11244.2416350510    0.0000000000E+00   -0.2973818627E-12
      6  10      0.0243    11244.2416350510    11244.2414890921   -0.1459589777E-03   -0.1030409866E-08
      7  10      0.0000    11244.2414890921    11244.2414890921    0.0000000000E+00    0.1463770778E-10
      8  10     -0.1679    11244.2414890921    11244.2372702422   -0.4218849850E-02    0.1110224296E-08
      9  10    -44.9935    11244.2372702422    11237.6297938178   -0.6607476424E+01    0.2817823552E-07
      1  11      0.0000    11237.6297938178    11237.6297938178    0.0000000000E+00    0.4992437170E-10
      2  11      0.0000    11237.6297938178    11237.6297938178    0.0000000000E+00    0.1987846676E-15
      3  11      0.0000    11237.6297938178    11237.6297938178    0.0000000000E+00    0.2266145211E-12
      4  11      0.0000    11237.6297938178    11237.6297938178    0.0000000000E+00    0.9601299445E-13
      5  11      0.0393    11237.6297938178    11237.6292225234   -0.5712944348E-03   -0.5668918662E-06
      6  11      0.0000    11237.6292225234    11237.6292225234    0.0000000000E+00   -0.3991198556E-11
      7  11      0.0000    11237.6292225234    11237.6292225234    0.0000000000E+00   -0.9310676261E-11
      8  11      0.0000    11237.6292225234    11237.6292225234    0.0000000000E+00   -0.4543223578E-11
      9  11    -44.9944    11237.6292225234    11235.0291512896   -0.2600071234E+01    0.9379335292E-08
     10  11     10.4989    11235.0291512896    11234.3904054431   -0.6387458465E+00    0.6231803117E-08
      1  12     -0.0392    11234.3904054431    11234.3893689660   -0.1036477024E-02    0.5921596055E-06
      2  12      0.0000    11234.3893689660    11234.3893689660    0.0000000000E+00    0.2329756304E-12
      3  12      0.0000    11234.3893689660    11234.3893689660    0.0000000000E+00   -0.3975693352E-15
      4  12      0.0000    11234.3893689660    11234.3893689660    0.0000000000E+00    0.8170049838E-13
      5  12      0.0000    11234.3893689660    11234.3893689660    0.0000000000E+00   -0.4272999796E-07
      6  12      0.0000    11234.3893689660    11234.3893689660    0.0000000000E+00   -0.6944566415E-07
      7  12      0.0000    11234.3893689660    11234.3893689660    0.0000000000E+00    0.6233188845E-08
      8  12      0.0000    11234.3893689660    11234.3893689660    0.0000000000E+00   -0.1446925308E-07
      9  12    -29.2043    11234.3893689660    11228.7954675857   -0.5593901380E+01   -0.9983783111E-07
     10  12    -43.3174    11228.7954675857    11222.1718846864   -0.6623582899E+01    0.3021713725E-07
     11  12     29.2593    11222.1718846864    11212.2372952690   -0.9934589417E+01    0.1164567338E-06

          DELTA E =        32.0959555629

   o ITERATION:    2
      PAIR     NEWANGLE    E0                  ENEW                DELTA-E             GRADIENT
      1   2      0.0000    11212.2372952690    11212.2372952690    0.0000000000E+00    0.5963540028E-15
      1   3      0.0000    11212.2372952690    11212.2372952690    0.0000000000E+00    0.1987846676E-15
      2   3      0.0000    11212.2372952690    11212.2372952690    0.0000000000E+00    0.1887627795E-08
      1   4      0.0000    11212.2372952690    11212.2372952690    0.0000000000E+00    0.0000000000E+00
      2   4      0.0000    11212.2372952690    11212.2372952690    0.0000000000E+00    0.1016430931E-08
      3   4      0.0000    11212.2372952690    11212.2372952690    0.0000000000E+00    0.3761626238E-07
      1   5      0.0000    11212.2372952690    11212.2372952690    0.0000000000E+00   -0.2084739968E-07
      2   5      0.0000    11212.2372952690    11212.2372952690    0.0000000000E+00    0.3975693352E-15
      3   5      0.0000    11212.2372952690    11212.2372952690    0.0000000000E+00   -0.2385416011E-14
      4   5      0.0000    11212.2372952690    11212.2372952690    0.0000000000E+00    0.1987846676E-15
      1   6      0.0000    11212.2372952690    11212.2372952690    0.0000000000E+00   -0.2433697825E-08
      2   6      0.0000    11212.2372952690    11212.2372952690    0.0000000000E+00    0.2385416011E-14
      3   6      0.0000    11212.2372952690    11212.2372952690    0.0000000000E+00    0.5565970693E-14
      4   6      0.0000    11212.2372952690    11212.2372952690    0.0000000000E+00   -0.6559894031E-14
      5   6      0.0000    11212.2372952690    11212.2372952690    0.0000000000E+00    0.1331328148E-07
      1   7      0.0000    11212.2372952690    11212.2372952690    0.0000000000E+00   -0.2305943879E-06
      2   7      0.0000    11212.2372952690    11212.2372952690    0.0000000000E+00    0.9939233380E-14
      3   7      0.0000    11212.2372952690    11212.2372952690    0.0000000000E+00    0.8746525374E-14
      4   7      0.0000    11212.2372952690    11212.2372952690    0.0000000000E+00    0.0000000000E+00
      5   7      0.0000    11212.2372952690    11212.2372952690    0.0000000000E+00    0.9334552287E-09
      6   7      0.0000    11212.2372952690    11212.2372952690    0.0000000000E+00    0.1288886588E-08
      1   8      0.0000    11212.2372952690    11212.2372952690    0.0000000000E+00   -0.4373000291E-08
      2   8      0.0000    11212.2372952690    11212.2372952690    0.0000000000E+00    0.6559894031E-14
      3   8      0.0000    11212.2372952690    11212.2372952690    0.0000000000E+00    0.9541664044E-14
      4   8      0.0000    11212.2372952690    11212.2372952690    0.0000000000E+00    0.8348956039E-14
      5   8      0.0000    11212.2372952690    11212.2372952690    0.0000000000E+00    0.6586712070E-07
      6   8      0.0000    11212.2372952690    11212.2372952690    0.0000000000E+00   -0.2391958869E-07
      7   8      0.0000    11212.2372952690    11212.2372952690    0.0000000000E+00    0.2454587112E-08
      1   9      0.0073    11212.2372952690    11212.2372879780   -0.7290952785E-05    0.8403893653E-06
      2   9      0.0000    11212.2372879780    11212.2372879780    0.0000000000E+00   -0.2305902144E-13
      3   9      0.0000    11212.2372879780    11212.2372879780    0.0000000000E+00   -0.4691318155E-13
      4   9      0.0000    11212.2372879780    11212.2372879780    0.0000000000E+00   -0.9939233380E-15
      5   9     -0.0163    11212.2372879780    11212.2372126944   -0.7528359520E-04   -0.1068372983E-06
      6   9     -0.0380    11212.2372126944    11212.2368380598   -0.3746346214E-03    0.1510163144E-08
      7   9     -0.0440    11212.2368380598    11212.2364423186   -0.3957411876E-03   -0.8925338047E-07
      8   9      0.0014    11212.2364423186    11212.2364418786   -0.4400649084E-06   -0.1418427002E-08
      1  10      0.0044    11212.2364418786    11212.2364312947   -0.1058383494E-04    0.2780497159E-08
      2  10      0.0000    11212.2364312947    11212.2364312947    0.0000000000E+00   -0.1465043000E-12
      3  10      0.0000    11212.2364312947    11212.2364312947    0.0000000000E+00    0.4293748820E-13
      4  10      0.0000    11212.2364312947    11212.2364312947    0.0000000000E+00   -0.1522690554E-12
      5  10      0.0142    11212.2364312947    11212.2363748029   -0.5649182322E-04    0.1007920065E-06
      6  10      0.0296    11212.2363748029    11212.2361478737   -0.2269292350E-03   -0.1511401175E-08
      7  10     -0.0243    11212.2361478737    11212.2360239469   -0.1239267665E-03   -0.9089070716E-08
      8  10     -0.0088    11212.2360239469    11212.2360107590   -0.1318789840E-04    0.1409233211E-08
      9  10      2.5928    11212.2360107590    11212.1237967468   -0.1122140122E+00    0.1575771896E-06
      1  11     -0.0043    11212.1237967468    11212.1237862015   -0.1054534641E-04   -0.1522052256E-08
      2  11      0.0000    11212.1237862015    11212.1237862015    0.0000000000E+00    0.1816891862E-12
      3  11      0.0000    11212.1237862015    11212.1237862015    0.0000000000E+00    0.2266145211E-12
      4  11      0.0000    11212.1237862015    11212.1237862015    0.0000000000E+00    0.1677742594E-12
      5  11      0.0142    11212.1237862015    11212.1237405070   -0.4569448835E-04    0.2751589057E-06
      6  11     -0.0251    11212.1237405070    11212.1235807426   -0.1597643632E-03    0.1386217524E-08
      7  11     -0.0191    11212.1235807426    11212.1235047940   -0.7594862908E-04    0.7634301901E-08
      8  11      0.0223    11212.1235047940    11212.1234257771   -0.7901692604E-04   -0.1050153557E-08
      9  11      7.3907    11212.1234257771    11211.1509488869   -0.9724768901E+00   -0.9708557171E-07
     10  11     13.3142    11211.1509488869    11207.9276337536   -0.3223315133E+01    0.1552867078E-06
      1  12     -0.0044    11207.9276337536    11207.9276229117   -0.1084197443E-04   -0.2043325489E-08
      2  12      0.0000    11207.9276229117    11207.9276229117    0.0000000000E+00    0.1288124646E-12
      3  12      0.0000    11207.9276229117    11207.9276229117    0.0000000000E+00   -0.1228489246E-12
      4  12      0.0000    11207.9276229117    11207.9276229117    0.0000000000E+00   -0.1139036145E-12
      5  12     -0.0165    11207.9276229117    11207.9275473218   -0.7558991198E-04   -0.1351860143E-06
      6  12      0.0370    11207.9275473218    11207.9271934023   -0.3539194084E-03   -0.1576063641E-08
      7  12     -0.0404    11207.9271934023    11207.9268570362   -0.3363660995E-03   -0.6688844690E-07
      8  12     -0.0080    11207.9268570362    11207.9268460528   -0.1098342240E-04    0.1449134064E-08
      9  12     -3.8350    11207.9268460528    11207.6341387640   -0.2927072888E+00    0.1397370382E-06
     10  12     -2.1847    11207.6341387640    11207.5371496753   -0.9698908872E-01   -0.2985566105E-07
     11  12      0.2938    11207.5371496753    11207.5354040967   -0.1745578614E-02   -0.1983613318E-07

          DELTA E =         4.7018911723

   o ITERATION:    3
      PAIR     NEWANGLE    E0                  ENEW                DELTA-E             GRADIENT
      1   2      0.0000    11207.5354040967    11207.5354040967    0.0000000000E+00    0.1590277341E-14
      1   3      0.0000    11207.5354040967    11207.5354040967    0.0000000000E+00    0.0000000000E+00
      2   3      0.0000    11207.5354040967    11207.5354040967    0.0000000000E+00   -0.2013827832E-09
      1   4      0.0000    11207.5354040967    11207.5354040967    0.0000000000E+00    0.1987846676E-14
      2   4      0.0000    11207.5354040967    11207.5354040967    0.0000000000E+00    0.2330065216E-08
      3   4      0.0000    11207.5354040967    11207.5354040967    0.0000000000E+00    0.9745042626E-09
      1   5      0.0000    11207.5354040967    11207.5354040967    0.0000000000E+00    0.9209198676E-09
      2   5      0.0000    11207.5354040967    11207.5354040967    0.0000000000E+00   -0.1192708006E-14
      3   5      0.0000    11207.5354040967    11207.5354040967    0.0000000000E+00   -0.2385416011E-14
      4   5      0.0000    11207.5354040967    11207.5354040967    0.0000000000E+00    0.0000000000E+00
      1   6      0.0000    11207.5354040967    11207.5354040967    0.0000000000E+00   -0.1158527061E-07
      2   6      0.0000    11207.5354040967    11207.5354040967    0.0000000000E+00    0.1789062008E-14
      3   6      0.0000    11207.5354040967    11207.5354040967    0.0000000000E+00    0.5367186025E-14
      4   6      0.0000    11207.5354040967    11207.5354040967    0.0000000000E+00   -0.8348956039E-14
      5   6      0.0000    11207.5354040967    11207.5354040967    0.0000000000E+00    0.2314278930E-09
      1   7      0.0000    11207.5354040967    11207.5354040967    0.0000000000E+00   -0.7263003948E-08
      2   7      0.0000    11207.5354040967    11207.5354040967    0.0000000000E+00    0.9939233380E-14
      3   7      0.0000    11207.5354040967    11207.5354040967    0.0000000000E+00    0.7156248033E-14
      4   7      0.0000    11207.5354040967    11207.5354040967    0.0000000000E+00    0.3975693352E-15
      5   7      0.0000    11207.5354040967    11207.5354040967    0.0000000000E+00    0.4722215057E-08
      6   7      0.0000    11207.5354040967    11207.5354040967    0.0000000000E+00    0.9191683759E-10
      1   8      0.0000    11207.5354040967    11207.5354040967    0.0000000000E+00   -0.1791663086E-07
      2   8      0.0000    11207.5354040967    11207.5354040967    0.0000000000E+00    0.5963540028E-14
      3   8      0.0000    11207.5354040967    11207.5354040967    0.0000000000E+00    0.1033680271E-13
      4   8      0.0000    11207.5354040967    11207.5354040967    0.0000000000E+00    0.7156248033E-14
      5   8      0.0000    11207.5354040967    11207.5354040967    0.0000000000E+00    0.5108426035E-08
      6   8      0.0000    11207.5354040967    11207.5354040967    0.0000000000E+00    0.7309747367E-08
      7   8      0.0000    11207.5354040967    11207.5354040967    0.0000000000E+00    0.1901559420E-08
      1   9      0.0000    11207.5354040967    11207.5354040967    0.0000000000E+00    0.8672145884E-06
      2   9      0.0000    11207.5354040967    11207.5354040967    0.0000000000E+00   -0.1411371140E-13
      3   9      0.0000    11207.5354040967    11207.5354040967    0.0000000000E+00   -0.6162324695E-14
      4   9      0.0000    11207.5354040967    11207.5354040967    0.0000000000E+00    0.1948089742E-13
      5   9      0.0000    11207.5354040967    11207.5354040967    0.0000000000E+00    0.5786811549E-06
      6   9      0.0063    11207.5354040967    11207.5353944592   -0.9637528554E-05    0.1424297510E-08
      7   9      0.0000    11207.5353944592    11207.5353944592    0.0000000000E+00   -0.8458100919E-06
      8   9      0.0094    11207.5353944592    11207.5353794750   -0.1498415203E-04   -0.1427667109E-08
      1  10      0.0020    11207.5353794750    11207.5353773552   -0.2119808241E-05    0.2076790689E-08
      2  10      0.0000    11207.5353773552    11207.5353773552    0.0000000000E+00   -0.1025728885E-12
      3  10      0.0000    11207.5353773552    11207.5353773552    0.0000000000E+00    0.1017777498E-12
      4  10      0.0000    11207.5353773552    11207.5353773552    0.0000000000E+00   -0.1045607352E-12
      5  10      0.0000    11207.5353773552    11207.5353773552    0.0000000000E+00    0.3979472056E-06
      6  10      0.0111    11207.5353773552    11207.5353452040   -0.3215116234E-04   -0.1106022982E-08
      7  10     -0.0151    11207.5353452040    11207.5353040692   -0.4113487782E-04   -0.1216822069E-06
      8  10     -0.0098    11207.5353040692    11207.5352878954   -0.1617378913E-04    0.1435227288E-08
      9  10     -0.6618    11207.5352878954    11207.5264481127   -0.8839782705E-02    0.3898947402E-07
      1  11      0.0014    11207.5264481127    11207.5264469500   -0.1162675480E-05   -0.2264482377E-08
      2  11      0.0000    11207.5264469500    11207.5264469500    0.0000000000E+00    0.2125008097E-12
      3  11      0.0000    11207.5264469500    11207.5264469500    0.0000000000E+00    0.2152837950E-12
      4  11      0.0000    11207.5264469500    11207.5264469500    0.0000000000E+00    0.1975919596E-12
      5  11      0.0000    11207.5264469500    11207.5264469500    0.0000000000E+00   -0.7007331473E-06
      6  11     -0.0088    11207.5264469500    11207.5264264125   -0.2053747412E-04    0.8826496446E-09
      7  11     -0.0301    11207.5264264125    11207.5262450139   -0.1813986195E-03   -0.8072064999E-07
      8  11     -0.0097    11207.5262450139    11207.5262308100   -0.1420387948E-04   -0.1417557915E-08
      9  11      0.1000    11207.5262308100    11207.5260227501   -0.2080599346E-03   -0.9733237997E-08
     10  11      0.0000    11207.5260227501    11207.5260227501    0.0000000000E+00    0.1252288714E-06
      1  12     -0.0008    11207.5260227501    11207.5260224646   -0.2854452855E-06   -0.2161042191E-08
      2  12      0.0000    11207.5260224646    11207.5260224646    0.0000000000E+00    0.1228489246E-12
      3  12      0.0000    11207.5260224646    11207.5260224646    0.0000000000E+00   -0.1208610779E-12
      4  12      0.0000    11207.5260224646    11207.5260224646    0.0000000000E+00   -0.1170841692E-12
      5  12      0.0000    11207.5260224646    11207.5260224646    0.0000000000E+00   -0.1084878636E-06
      6  12      0.0004    11207.5260224646    11207.5260224068   -0.5786147752E-07   -0.1451833759E-08
      7  12      0.0000    11207.5260224068    11207.5260224068    0.0000000000E+00   -0.7733256980E-06
      8  12     -0.0054    11207.5260224068    11207.5260171638   -0.5242928472E-05    0.1428795014E-08
      9  12      0.0000    11207.5260171638    11207.5260171638    0.0000000000E+00    0.4046655824E-06
     10  12      0.0000    11207.5260171638    11207.5260171638    0.0000000000E+00   -0.2325245582E-07
     11  12      0.0000    11207.5260171638    11207.5260171638    0.0000000000E+00   -0.1827482870E-07

          DELTA E =         0.0093869328

   o ITERATION:    4
      PAIR     NEWANGLE    E0                  ENEW                DELTA-E             GRADIENT
      1   2      0.0000    11207.5260171638    11207.5260171638    0.0000000000E+00    0.5963540028E-15
      1   3      0.0000    11207.5260171638    11207.5260171638    0.0000000000E+00    0.0000000000E+00
      2   3      0.0000    11207.5260171638    11207.5260171638    0.0000000000E+00    0.3151929689E-10
      1   4      0.0000    11207.5260171638    11207.5260171638    0.0000000000E+00    0.3975693352E-15
      2   4      0.0000    11207.5260171638    11207.5260171638    0.0000000000E+00    0.1426572203E-09
      3   4      0.0000    11207.5260171638    11207.5260171638    0.0000000000E+00   -0.8100634232E-10
      1   5      0.0000    11207.5260171638    11207.5260171638    0.0000000000E+00    0.1480687353E-10
      2   5      0.0000    11207.5260171638    11207.5260171638    0.0000000000E+00   -0.3975693352E-15
      3   5      0.0000    11207.5260171638    11207.5260171638    0.0000000000E+00   -0.2782985346E-14
      4   5      0.0000    11207.5260171638    11207.5260171638    0.0000000000E+00   -0.7951386704E-15
      1   6      0.0000    11207.5260171638    11207.5260171638    0.0000000000E+00   -0.3073195058E-09
      2   6      0.0000    11207.5260171638    11207.5260171638    0.0000000000E+00    0.1987846676E-14
      3   6      0.0000    11207.5260171638    11207.5260171638    0.0000000000E+00    0.5367186025E-14
      4   6      0.0000    11207.5260171638    11207.5260171638    0.0000000000E+00   -0.7553817368E-14
      5   6      0.0000    11207.5260171638    11207.5260171638    0.0000000000E+00   -0.2251606100E-09
      1   7      0.0000    11207.5260171638    11207.5260171638    0.0000000000E+00    0.3570625859E-09
      2   7      0.0000    11207.5260171638    11207.5260171638    0.0000000000E+00    0.9144094709E-14
      3   7      0.0000    11207.5260171638    11207.5260171638    0.0000000000E+00    0.7752602036E-14
      4   7      0.0000    11207.5260171638    11207.5260171638    0.0000000000E+00   -0.1987846676E-15
      5   7      0.0000    11207.5260171638    11207.5260171638    0.0000000000E+00    0.4281933059E-09
      6   7      0.0000    11207.5260171638    11207.5260171638    0.0000000000E+00    0.4938884580E-10
      1   8      0.0000    11207.5260171638    11207.5260171638    0.0000000000E+00    0.2416142157E-09
      2   8      0.0000    11207.5260171638    11207.5260171638    0.0000000000E+00    0.5565970693E-14
      3   8      0.0000    11207.5260171638    11207.5260171638    0.0000000000E+00    0.9144094709E-14
      4   8      0.0000    11207.5260171638    11207.5260171638    0.0000000000E+00    0.6559894031E-14
      5   8      0.0000    11207.5260171638    11207.5260171638    0.0000000000E+00   -0.7622227124E-09
      6   8      0.0000    11207.5260171638    11207.5260171638    0.0000000000E+00    0.5237711607E-08
      7   8      0.0000    11207.5260171638    11207.5260171638    0.0000000000E+00    0.2501786543E-09
      1   9      0.0000    11207.5260171638    11207.5260171638    0.0000000000E+00    0.7672612684E-06
      2   9      0.0000    11207.5260171638    11207.5260171638    0.0000000000E+00   -0.1331857273E-13
      3   9      0.0000    11207.5260171638    11207.5260171638    0.0000000000E+00   -0.6957463366E-14
      4   9      0.0000    11207.5260171638    11207.5260171638    0.0000000000E+00    0.2325780611E-13
      5   9      0.0000    11207.5260171638    11207.5260171638    0.0000000000E+00    0.5866073711E-06
      6   9      0.0004    11207.5260171638    11207.5260171475   -0.1638956733E-07    0.1448491791E-08
      7   9      0.0000    11207.5260171475    11207.5260171475    0.0000000000E+00   -0.7288994904E-06
      8   9     -0.0005    11207.5260171475    11207.5260171547    0.7230781051E-08   -0.1424228532E-08
      1  10     -0.0003    11207.5260171547    11207.5260170740   -0.8065640818E-07    0.2222920478E-08
      2  10      0.0000    11207.5260170740    11207.5260170740    0.0000000000E+00   -0.1027716731E-12
      3  10      0.0000    11207.5260170740    11207.5260170740    0.0000000000E+00    0.1017777498E-12
      4  10      0.0000    11207.5260170740    11207.5260170740    0.0000000000E+00   -0.1033680271E-12
      5  10      0.0000    11207.5260170740    11207.5260170740    0.0000000000E+00    0.4095505159E-06
      6  10      0.0005    11207.5260170740    11207.5260169797   -0.9437174393E-07   -0.1451793604E-08
      7  10      0.0000    11207.5260169797    11207.5260169797    0.0000000000E+00   -0.1350519837E-06
      8  10     -0.0006    11207.5260169797    11207.5260168697   -0.1099739663E-06    0.1425294416E-08
      9  10      0.0000    11207.5260168697    11207.5260168697    0.0000000000E+00    0.3903568669E-07
      1  11      0.0002    11207.5260168697    11207.5260168256   -0.4408979406E-07   -0.2222326907E-08
      2  11      0.0000    11207.5260168256    11207.5260168256    0.0000000000E+00    0.2126995943E-12
      3  11      0.0000    11207.5260168256    11207.5260168256    0.0000000000E+00    0.2132959483E-12
      4  11      0.0000    11207.5260168256    11207.5260168256    0.0000000000E+00    0.1962004669E-12
      5  11      0.0000    11207.5260168256    11207.5260168256    0.0000000000E+00   -0.6756601309E-06
      6  11     -0.0002    11207.5260168256    11207.5260167964   -0.2920333981E-07    0.1451026693E-08
      7  11      0.0000    11207.5260167964    11207.5260167964    0.0000000000E+00   -0.4976292853E-07
      8  11     -0.0002    11207.5260167964    11207.5260168071    0.1070606377E-07   -0.1424771612E-08
      9  11      0.0000    11207.5260168071    11207.5260168071    0.0000000000E+00   -0.9837272152E-08
     10  11      0.0000    11207.5260168071    11207.5260168071    0.0000000000E+00    0.1251906167E-06
      1  12     -0.0000    11207.5260168071    11207.5260168089    0.1809218174E-08   -0.2194677948E-08
      2  12      0.0000    11207.5260168089    11207.5260168089    0.0000000000E+00    0.1224513552E-12
      3  12      0.0000    11207.5260168089    11207.5260168089    0.0000000000E+00   -0.1212586472E-12
      4  12      0.0000    11207.5260168089    11207.5260168089    0.0000000000E+00   -0.1164878152E-12
      5  12      0.0000    11207.5260168089    11207.5260168089    0.0000000000E+00   -0.1065700693E-06
      6  12      0.0000    11207.5260168089    11207.5260168088   -0.1461994484E-09   -0.1450329158E-08
      7  12      0.0000    11207.5260168088    11207.5260168088    0.0000000000E+00   -0.7749734305E-06
      8  12     -0.0000    11207.5260168088    11207.5260168057   -0.3064096772E-08    0.1425010750E-08
      9  12      0.0000    11207.5260168057    11207.5260168057    0.0000000000E+00    0.4047212137E-06
     10  12      0.0000    11207.5260168057    11207.5260168057    0.0000000000E+00   -0.2320594597E-07
     11  12      0.0000    11207.5260168057    11207.5260168057    0.0000000000E+00   -0.1829410823E-07

          DELTA E =         0.0000003976

   > OPTIMIZATION CONVERGED!
   > END OF OPTIMIZA


   o TRANSFORMATION MATRIX WRITTEN TO : [ u1.dat ]
   o FORCE CONSTANTS WRITTEN TO       : [ prop_no_1.mop_ocvscf ]
   o NEW COORDINATES WRITTEN TO       : [ eq-mp2tz_ocvscf.minfo ]

   o HARMONIC FREQUENCIES OF THE NEW MODES
         -MODE-    -FREQ(CM-1)-
             1         827.4291789
             2         959.4400327
             3         982.7894389
             4        1075.8387752
             5        1246.5293823
             6        1385.6965942
             7        1484.7670493
             8        1683.9185741
             9        3235.8174410
            10        3235.8288533
            11        3235.8342489
            12        3235.8432726

(  FINALIZE OCVSCF MODULE  )


(  FINALIZE VIB MODULE  )


(  FINALIZE NMA MODULE  )


(  FINALIZE MOL MODULE  )



   (TOTAL MEMORY USAGE)   [     0.13 MB /  1000.00 MB (  0.0 % ) ] 

   (CLOCK) ---->  TOTAL CPU-TIME  <----
            >     USER :   0 DAYS   0 HOURS   0 MINS  12.6 SECS 
            >    SYSTEM:   0 DAYS   0 HOURS   0 MINS   1.4 SECS 

