 -------------------------------------------------------
                                                      
    ***   WELCOME TO SINDO PROGRAM                    
     ***                (  VERSION 3.4  NARITA  ) 
      ***                                             
       ***       COPYRIGHT 2013:                      
        ***         KIYOSHI YAGI  KIYOSHI.YAGI@RIKEN.JP
                                                      
 -------------------------------------------------------

     JOB STARTED AT: Fri Jul 19 16:54:18 2013
     RUNNING ON kyagi-mac.ad78.riken.go.jp      


(  SETUP MEM MODULE  )

   o MAXIMUM MEMORY : 1000 MB


(  SETUP MOL MODULE  )


   READ DATA FROM A MINFO FILE : [ eq-mp2tz.minfo ]


(  ENTER NMA MODULE  )


      o ATOMIC MASS
        21874.6618  21874.6618   1837.1527   1837.1527   1837.1527
         1837.1527

      o REFERENCE GEOMETRY
         -0.000000    0.000000    1.258351
          0.000000    0.000000   -1.258351
         -0.000000    1.743555    2.320370
         -0.000000   -1.743555    2.320370
          0.000000    1.743555   -2.320370
          0.000000   -1.743555   -2.320370

      o NORMAL DISPLACEMENT VECTOR
          0.000000   -0.133236    0.000000
         -0.000000   -0.133236    0.000000
         -0.000000    0.229875   -0.433914
         -0.000000    0.229875    0.433914
          0.000000    0.229875    0.433914
         -0.000000    0.229875   -0.433914

          0.426334    0.000000   -0.000000
         -0.426334    0.000000    0.000000
         -0.398898   -0.000000    0.000000
         -0.398898   -0.000000   -0.000000
          0.398898   -0.000000   -0.000000
          0.398898   -0.000000    0.000000

          0.268155   -0.000000   -0.000000
          0.268155    0.000000    0.000000
         -0.462652   -0.000000    0.000000
         -0.462652   -0.000000    0.000000
         -0.462652   -0.000000   -0.000000
         -0.462652   -0.000000    0.000000

         -0.000000   -0.000000    0.000000
         -0.000000    0.000000   -0.000000
         -0.500000   -0.000000    0.000000
          0.500000    0.000000   -0.000000
          0.500000   -0.000000   -0.000000
         -0.500000   -0.000000    0.000000

          0.000000    0.428006    0.000000
          0.000000   -0.428006   -0.000000
         -0.000000   -0.113910    0.381353
         -0.000000   -0.113910   -0.381353
         -0.000000    0.113910    0.381353
         -0.000000    0.113910   -0.381353

         -0.000000   -0.000000    0.332536
         -0.000000    0.000000   -0.332536
          0.000000   -0.167338    0.408298
         -0.000000    0.167338    0.408298
         -0.000000   -0.167338   -0.408298
          0.000000    0.167338   -0.408298

         -0.000000   -0.000000   -0.227057
          0.000000    0.000000   -0.227057
          0.000000   -0.266006    0.391744
          0.000000    0.266006    0.391744
          0.000000    0.266006    0.391744
          0.000000   -0.266006    0.391744

         -0.000000   -0.000000   -0.596689
         -0.000000    0.000000    0.596689
          0.000000   -0.220721    0.152524
          0.000000    0.220721    0.152524
          0.000000   -0.220721   -0.152524
          0.000000    0.220721   -0.152524

         -0.000000    0.000000   -0.142662
         -0.000000    0.000000   -0.142662
          0.000000    0.423369    0.246136
          0.000000   -0.423369    0.246136
          0.000000   -0.423368    0.246136
         -0.000000    0.423368    0.246136

          0.000000   -0.000000    0.182707
         -0.000000   -0.000000   -0.182707
         -0.000000   -0.416269   -0.245008
         -0.000000    0.416269   -0.245008
         -0.000000   -0.416270    0.245008
          0.000000    0.416270    0.245008

          0.000000   -0.229709   -0.000000
         -0.000000    0.229709    0.000000
         -0.000000    0.402021    0.248990
         -0.000000    0.402021   -0.248990
         -0.000000   -0.402021    0.248990
          0.000000   -0.402021   -0.248990

          0.000000   -0.232713   -0.000000
          0.000000   -0.232713    0.000000
          0.000000    0.401502    0.248432
         -0.000000    0.401502   -0.248432
         -0.000000    0.401502   -0.248432
          0.000000    0.401502    0.248432


      o TRANSLATIONAL VECTOR
          0.654288    0.000000    0.000000
          0.654288    0.000000    0.000000
          0.189614    0.000000    0.000000
          0.189614    0.000000    0.000000
          0.189614    0.000000    0.000000
          0.189614    0.000000    0.000000

          0.000000    0.654288    0.000000
          0.000000    0.654288    0.000000
          0.000000    0.189614    0.000000
          0.000000    0.189614    0.000000
          0.000000    0.189614    0.000000
          0.000000    0.189614    0.000000

          0.000000    0.000000    0.654288
          0.000000    0.000000    0.654288
          0.000000    0.000000    0.189614
          0.000000    0.000000    0.189614
          0.000000    0.000000    0.189614
          0.000000    0.000000    0.189614


      o ROTATIONAL VECTOR
          0.000000   -0.513852    0.000000
          0.000000    0.513852    0.000000
          0.000000   -0.274597    0.206336
          0.000000   -0.274597   -0.206336
          0.000000    0.274597    0.206336
          0.000000    0.274597   -0.206336

          0.564127    0.000000    0.000000
         -0.564127    0.000000   -0.000000
          0.301463    0.000000    0.000000
          0.301463    0.000000    0.000000
         -0.301463    0.000000   -0.000000
         -0.301463    0.000000   -0.000000

         -0.000000    0.000000    0.000000
          0.000000    0.000000    0.000000
         -0.500000    0.000000    0.000000
          0.500000    0.000000    0.000000
         -0.500000    0.000000    0.000000
          0.500000    0.000000    0.000000

(  SETUP OF NMA COMPLETED  )



(  SETUP VIB MODULE  )

   >> RUN OPTIONS
      VSCF    =     F
      OC-VSCF =     T
      VCI     =     F
      VPT     =     F
      VQDPT   =     F
      PRPT    =     F


   >> BASIS FUNCTIONS
      MODE :         1        2        3        4        5        6
      MAXV :         8        8        8        8        8        8
      FREQ :    827.43   959.44   982.79  1075.84  1246.52  1384.45

      MODE :         7        8        9       10       11       12
      MAXV :         8        8        8        8        8        8
      FREQ :   1484.77  1684.92  3180.12  3198.10  3268.47  3295.24


(  SETUP OCVSCF MODULE  )

   o MOPFILE = prop_no_1.mop
   o ICFF    =          0
   o MAXITER =         30
   o PFIT    =          2
   o ETHRESH =  0.100E-05
   o GTHRESH =  0.100E-05
   o ISCREEN =          1
   o ETA12THRESH =   500.00

   > VSCF RUN WITH THE INITIAL COORDINATES... 


(  ENTER VSCF MODULE  )

  ---  VIBRATIONAL SELF-CONSISTENT FIELD CALCULATIONS   ---

   >> SCF OPTIONS
       STATE SPECIFIC :        F
              RESTART :        F
        MAX ITERATION :       80
         CONV. THRESH : 0.10E-04

   >> FILES
       WFN READ/WRITE FILE : vscf_xxx.wfn

   >> STATE 000:   ZERO-POINT STATE

       o INITIAL GUESS FROM (CONTRACTED) HARMONIC OSCILLATOR 

   -- (ITERATION) -------- (EOLD) -------- (ENEW) ----- (DELTA E) --
                1        11254.90        11207.49      -0.474D+02
                2        11207.49        11205.84      -0.165D+01
                3        11205.84        11205.73      -0.108D+00
                4        11205.73        11205.72      -0.796D-02
                5        11205.72        11205.72      -0.631D-03
                6        11205.72        11205.72      -0.525D-04
                7        11205.72        11205.72      -0.449D-05
   -----------------------------------------------------------------
       E(VSCF)=    11205.72316926

       o COEFFICIENTS

         -MODES-          1         2         3         4         5         6
              0    -0.99992  -0.99999   0.99999  -1.00000   1.00000   0.99768
              1    -0.00000  -0.00000   0.00000  -0.00000  -0.00000   0.06763
              2     0.01190   0.00196  -0.00184  -0.00235   0.00233   0.00712
              3    -0.00000  -0.00000  -0.00000  -0.00000  -0.00000   0.00371
              4     0.00441   0.00278  -0.00277   0.00125  -0.00054   0.00029
              5     0.00000   0.00000  -0.00000   0.00000   0.00000   0.00004
              6    -0.00044  -0.00011   0.00011  -0.00001  -0.00000   0.00002
              7    -0.00000  -0.00000   0.00000   0.00000   0.00000   0.00000
              8    -0.00008  -0.00004   0.00004  -0.00001   0.00000   0.00000
         -MODES-          7         8         9        10        11        12
              0     0.99998   0.99648  -0.99997   0.99511  -0.99996  -0.99996
              1     0.00000  -0.08272  -0.00000  -0.09658   0.00000   0.00000
              2     0.00595   0.00919  -0.00810   0.01350  -0.00878  -0.00876
              3     0.00000  -0.01002  -0.00000  -0.01562  -0.00000  -0.00000
              4    -0.00017   0.00151   0.00100   0.00296   0.00111   0.00106
              5    -0.00000  -0.00022  -0.00000  -0.00054  -0.00000  -0.00000
              6    -0.00000   0.00021   0.00002   0.00051   0.00002   0.00002
              7    -0.00000  -0.00004   0.00000  -0.00012   0.00000   0.00000
              8     0.00000   0.00001  -0.00001   0.00002  -0.00001  -0.00001

       o VIBRATIONALLY AVERAGED STRUCTURE

         - Q0 -
              0.000000    0.000000    0.000000
              0.000000   -0.000000    1.214334
              0.000001   -1.350809    0.000000
             -1.153014   -0.000000   -0.000000

         - X0 -
              0.000000   -0.000000    1.265107
             -0.000000    0.000000   -1.265107
             -0.000000    1.756968    2.333722
              0.000000   -1.756968    2.333722
              0.000000    1.756968   -2.333722
             -0.000000   -1.756968   -2.333722


(  FINALIZE VSCF MODULE  )

   > SAFELY RETURNED TO OCVSCF MODULE 

   > START OF OPTIMIZA

   o ITERATION:    1
      PAIR     NEWANGLE    E0                  ENEW                DELTA-E             GRADIENT
      1   2      0.0000    11205.7231692624    11205.7231692624    0.0000000000E+00   -0.5884026161E-13
      1   3      0.0000    11205.7231692624    11205.7231692624    0.0000000000E+00    0.6559894031E-14
      2   3     36.0000    11205.7231692624    11205.6678862671   -0.5528299529E-01   -0.5061412760E-06
      1   4      0.0000    11205.6678862671    11205.6678862671    0.0000000000E+00    0.1232464939E-13
      2   4      0.0000    11205.6678862671    11205.6678862671    0.0000000000E+00    0.7128418180E-12
      3   4      0.0000    11205.6678862671    11205.6678862671    0.0000000000E+00    0.3339582416E-13
      1   5      0.0000    11205.6678862671    11205.6678862671    0.0000000000E+00   -0.1272533686E-07
      2   5      0.0000    11205.6678862671    11205.6678862671    0.0000000000E+00    0.5844269227E-13
      3   5      0.0000    11205.6678862671    11205.6678862671    0.0000000000E+00   -0.5844269227E-13
      4   5      0.0000    11205.6678862671    11205.6678862671    0.0000000000E+00   -0.3578124017E-14
      2   6      0.0000    11205.6678862671    11205.6678862671    0.0000000000E+00   -0.1697621061E-12
      3   6      0.0000    11205.6678862671    11205.6678862671    0.0000000000E+00    0.7752602036E-13
      4   6      0.0000    11205.6678862671    11205.6678862671    0.0000000000E+00   -0.2882377680E-13
      5   6      0.0000    11205.6678862671    11205.6678862671    0.0000000000E+00    0.4691318155E-12
      3   7      0.0000    11205.6678862671    11205.6678862671    0.0000000000E+00    0.3518488616E-13
      4   7      0.0000    11205.6678862671    11205.6678862671    0.0000000000E+00   -0.1749305075E-13
      5   7      0.0000    11205.6678862671    11205.6678862671    0.0000000000E+00   -0.2093202550E-12
      6   7      0.0000    11205.6678862671    11205.6678862671    0.0000000000E+00   -0.1056963920E-08
      5   8      0.0000    11205.6678862671    11205.6678862671    0.0000000000E+00   -0.1469813832E-10
      6   8      1.6454    11205.6678862671    11205.6462376228   -0.2164864426E-01    0.2422076535E-07
      7   8      0.0000    11205.6462376228    11205.6462376228    0.0000000000E+00   -0.3843701923E-08
      9  10    -44.9948    11205.6462376228    11199.8997739665   -0.5746463656E+01    0.1703279308E-07
      9  11     44.9950    11199.8997739665    11197.5914305912   -0.2308343375E+01   -0.7431317510E-08
     10  11    -10.5081    11197.5914305912    11197.0457849781   -0.5456456131E+00   -0.1891807442E-08
      9  12     29.1816    11197.0457849781    11192.5122175220   -0.4533567456E+01    0.2609238800E-08
     10  12     43.7089    11192.5122175220    11186.9864321017   -0.5525785420E+01   -0.4626270644E-08
     11  12     29.2236    11186.9864321017    11179.0249331415   -0.7961498960E+01   -0.3342983919E-07

          DELTA E =        26.6982361209

   o ITERATION:    2
      PAIR     NEWANGLE    E0                  ENEW                DELTA-E             GRADIENT
      1   2      0.0000    11179.0249331415    11179.0249331415    0.0000000000E+00   -0.4830467422E-13
      1   3      0.0000    11179.0249331415    11179.0249331415    0.0000000000E+00    0.4353384220E-13
      2   3     18.0000    11179.0249331415    11179.0249196688   -0.1347269645E-04    0.5156035420E-06
      1   4      0.0000    11179.0249196688    11179.0249196688    0.0000000000E+00    0.1351735740E-13
      2   4      0.0000    11179.0249196688    11179.0249196688    0.0000000000E+00    0.5702611496E-08
      3   4      0.0000    11179.0249196688    11179.0249196688    0.0000000000E+00    0.3817467495E-07
      1   5      0.0000    11179.0249196688    11179.0249196688    0.0000000000E+00    0.9095323885E-08
      2   5      0.0000    11179.0249196688    11179.0249196688    0.0000000000E+00    0.3737151751E-13
      3   5      0.0000    11179.0249196688    11179.0249196688    0.0000000000E+00   -0.7851994370E-13
      4   5      0.0000    11179.0249196688    11179.0249196688    0.0000000000E+00   -0.2186631344E-14
      2   6      0.0000    11179.0249196688    11179.0249196688    0.0000000000E+00   -0.1353723586E-12
      3   6      0.0000    11179.0249196688    11179.0249196688    0.0000000000E+00    0.1315954499E-12
      4   6      0.0000    11179.0249196688    11179.0249196688    0.0000000000E+00   -0.2822742280E-13
      5   6      0.0000    11179.0249196688    11179.0249196688    0.0000000000E+00    0.1712876512E-07
      2   7      0.0000    11179.0249196688    11179.0249196688    0.0000000000E+00   -0.1011813958E-12
      4   7      0.0000    11179.0249196688    11179.0249196688    0.0000000000E+00   -0.1590277341E-13
      5   7      0.0000    11179.0249196688    11179.0249196688    0.0000000000E+00   -0.2065693217E-07
      6   7      0.0000    11179.0249196688    11179.0249196688    0.0000000000E+00   -0.1027291531E-08
      5   8      0.0000    11179.0249196688    11179.0249196688    0.0000000000E+00    0.3410604182E-07
      6   8      0.0000    11179.0249196688    11179.0249196688    0.0000000000E+00   -0.4578114684E-06
      7   8      0.0000    11179.0249196688    11179.0249196688    0.0000000000E+00    0.1620815238E-08
      9  10      2.6180    11179.0249196688    11178.9382612762   -0.8665839252E-01    0.2295606828E-06
      9  11     -7.3939    11178.9382612762    11178.1993556575   -0.7389056188E+00   -0.2589643820E-07
     10  11    -13.4719    11178.1993556575    11175.6800402931   -0.2519315364E+01    0.7517211112E-07
      9  12      3.9518    11175.6800402931    11175.4609550805   -0.2190852126E+00    0.8344524397E-06
     10  12      1.8512    11175.4609550805    11175.4095790622   -0.5137601831E-01    0.1232660981E-06
     11  12      0.2551    11175.4095790622    11175.4086132474   -0.9658147351E-03    0.6266153704E-08

          DELTA E =         3.6163198940

   o ITERATION:    3
      PAIR     NEWANGLE    E0                  ENEW                DELTA-E             GRADIENT
      1   2      0.0000    11175.4086132474    11175.4086132474    0.0000000000E+00   -0.3379339349E-13
      1   3      0.0000    11175.4086132474    11175.4086132474    0.0000000000E+00    0.5526213759E-13
      2   3      0.0000    11175.4086132474    11175.4086132474    0.0000000000E+00    0.5170052353E-06
      1   4      0.0000    11175.4086132474    11175.4086132474    0.0000000000E+00    0.1331857273E-13
      2   4      0.0000    11175.4086132474    11175.4086132474    0.0000000000E+00    0.8413988443E-09
      3   4      0.0000    11175.4086132474    11175.4086132474    0.0000000000E+00    0.3254780876E-10
      1   5      0.0000    11175.4086132474    11175.4086132474    0.0000000000E+00    0.1011880273E-07
      2   5      0.0000    11175.4086132474    11175.4086132474    0.0000000000E+00    0.3578124017E-13
      3   5      0.0000    11175.4086132474    11175.4086132474    0.0000000000E+00   -0.7673088169E-13
      4   5      0.0000    11175.4086132474    11175.4086132474    0.0000000000E+00   -0.2981770014E-14
      2   6      0.0000    11175.4086132474    11175.4086132474    0.0000000000E+00   -0.1371614206E-12
      3   6      0.0000    11175.4086132474    11175.4086132474    0.0000000000E+00    0.1308003113E-12
      4   6      0.0000    11175.4086132474    11175.4086132474    0.0000000000E+00   -0.2743228413E-13
      5   6      0.0000    11175.4086132474    11175.4086132474    0.0000000000E+00    0.4622071516E-09
      2   7      0.0000    11175.4086132474    11175.4086132474    0.0000000000E+00   -0.9959111846E-13
      4   7      0.0000    11175.4086132474    11175.4086132474    0.0000000000E+00   -0.1669791208E-13
      5   7      0.0000    11175.4086132474    11175.4086132474    0.0000000000E+00    0.7334641370E-09
      6   7      0.0000    11175.4086132474    11175.4086132474    0.0000000000E+00    0.1485338120E-08
      5   8      0.0000    11175.4086132474    11175.4086132474    0.0000000000E+00    0.9379002527E-09
      6   8      0.0000    11175.4086132474    11175.4086132474    0.0000000000E+00   -0.5191979423E-06
      7   8      0.0000    11175.4086132474    11175.4086132474    0.0000000000E+00    0.4512087935E-08
      9  10     -0.6820    11175.4086132474    11175.4017177686   -0.6895478863E-02   -0.1971891364E-07
      9  11      0.0000    11175.4017177686    11175.4017177686    0.0000000000E+00    0.8243078502E-06
     10  11      0.0000    11175.4017177686    11175.4017177686    0.0000000000E+00    0.8505916969E-07
      9  12      0.0000    11175.4017177686    11175.4017177686    0.0000000000E+00    0.6513979456E-06
     10  12      0.0000    11175.4017177686    11175.4017177686    0.0000000000E+00    0.1283323122E-06
     11  12      0.0000    11175.4017177686    11175.4017177686    0.0000000000E+00    0.6266513504E-08

          DELTA E =         0.0068954789

   o ITERATION:    4
      PAIR     NEWANGLE    E0                  ENEW                DELTA-E             GRADIENT
      1   2      0.0000    11175.4017177686    11175.4017177686    0.0000000000E+00   -0.3220311615E-13
      1   3      0.0000    11175.4017177686    11175.4017177686    0.0000000000E+00    0.5387064492E-13
      2   3      0.0000    11175.4017177686    11175.4017177686    0.0000000000E+00    0.5170492745E-06
      1   4      0.0000    11175.4017177686    11175.4017177686    0.0000000000E+00    0.1212586472E-13
      2   4      0.0000    11175.4017177686    11175.4017177686    0.0000000000E+00    0.6017203937E-09
      3   4      0.0000    11175.4017177686    11175.4017177686    0.0000000000E+00    0.8440913826E-10
      1   5      0.0000    11175.4017177686    11175.4017177686    0.0000000000E+00    0.1081014181E-07
      2   5      0.0000    11175.4017177686    11175.4017177686    0.0000000000E+00    0.3578124017E-13
      3   5      0.0000    11175.4017177686    11175.4017177686    0.0000000000E+00   -0.7633331236E-13
      4   5      0.0000    11175.4017177686    11175.4017177686    0.0000000000E+00   -0.2385416011E-14
      2   6      0.0000    11175.4017177686    11175.4017177686    0.0000000000E+00   -0.1357699280E-12
      3   6      0.0000    11175.4017177686    11175.4017177686    0.0000000000E+00    0.1306015266E-12
      4   6      0.0000    11175.4017177686    11175.4017177686    0.0000000000E+00   -0.2842620747E-13
      5   6      0.0000    11175.4017177686    11175.4017177686    0.0000000000E+00    0.3783915844E-09
      2   7      0.0000    11175.4017177686    11175.4017177686    0.0000000000E+00   -0.9959111846E-13
      4   7      0.0000    11175.4017177686    11175.4017177686    0.0000000000E+00   -0.1610155807E-13
      5   7      0.0000    11175.4017177686    11175.4017177686    0.0000000000E+00    0.4594609414E-09
      6   7      0.0000    11175.4017177686    11175.4017177686    0.0000000000E+00    0.1392352218E-08
      5   8      0.0000    11175.4017177686    11175.4017177686    0.0000000000E+00    0.7010399723E-09
      6   8      0.0000    11175.4017177686    11175.4017177686    0.0000000000E+00   -0.5193135183E-06
      7   8      0.0000    11175.4017177686    11175.4017177686    0.0000000000E+00    0.4357119384E-08
      9  10      0.0000    11175.4017177686    11175.4017177686    0.0000000000E+00   -0.1971891423E-07
      9  11      0.0000    11175.4017177686    11175.4017177686    0.0000000000E+00    0.8243078502E-06
     10  11      0.0000    11175.4017177686    11175.4017177686    0.0000000000E+00    0.8505916969E-07
      9  12      0.0000    11175.4017177686    11175.4017177686    0.0000000000E+00    0.6513979456E-06
     10  12      0.0000    11175.4017177686    11175.4017177686    0.0000000000E+00    0.1283323122E-06
     11  12      0.0000    11175.4017177686    11175.4017177686    0.0000000000E+00    0.6266513504E-08

          DELTA E =         0.0000000000

   > OPTIMIZATION CONVERGED!
   > END OF OPTIMIZA


   o TRANSFORMATION MATRIX WRITTEN TO : [ u1.dat ]
   o FORCE CONSTANTS WRITTEN TO       : [ prop_no_1.mop_ocvscf ]
   o NEW COORDINATES WRITTEN TO       : [ eq-mp2tz_ocvscf.minfo ]

   o HARMONIC FREQUENCIES OF THE NEW MODES
         -MODE-    -FREQ(CM-1)-
             1         827.4245584
             2         974.7856556
             3         967.5707639
             4        1075.8387752
             5        1246.5239609
             6        1384.7191403
             7        1484.7663853
             8        1684.6903899
             9        3236.0371046
            10        3235.8673670
            11        3235.6634167
            12        3235.7761800

(  FINALIZE OCVSCF MODULE  )


(  FINALIZE VIB MODULE  )


(  FINALIZE NMA MODULE  )


(  FINALIZE MOL MODULE  )



   (TOTAL MEMORY USAGE)   [     0.34 MB /  1000.00 MB (  0.0 % ) ] 

   (CLOCK) ---->  TOTAL CPU-TIME  <----
            >     USER :   0 DAYS   0 HOURS   0 MINS   7.5 SECS 
            >    SYSTEM:   0 DAYS   0 HOURS   0 MINS   0.5 SECS 

