mkg-eq,        -114.5076401447729,     0.6866607790E-15,    -0.1123276820E-13,    -0.8142487320E+00
mkg-q1-11-0,        -114.4683839751920,    -0.5368912050E-01,     0.3211032790E-13,    -0.6962040860E+00
mkg-q1-11-1,        -114.4855635867301,    -0.3967270310E-01,    -0.4208005470E-14,    -0.7446967110E+00
mkg-q1-11-2,        -114.4961894875712,    -0.2785827540E-01,    -0.4945379500E-13,    -0.7769623140E+00
mkg-q1-11-3,        -114.5028128512233,    -0.1760569390E-01,     0.2748539240E-13,    -0.7981752840E+00
mkg-q1-11-4,        -114.5064693425734,    -0.8493256300E-02,     0.2514207920E-13,    -0.8103004490E+00
mkg-q1-11-6,        -114.5064693425739,     0.8493256300E-02,    -0.5221571870E-14,    -0.8103004490E+00
mkg-q1-11-7,        -114.5028128512234,     0.1760569390E-01,    -0.5103448050E-14,    -0.7981752840E+00
mkg-q1-11-8,        -114.4961894875710,     0.2785827540E-01,    -0.5222276600E-14,    -0.7769623140E+00
mkg-q1-11-9,        -114.4855635867306,     0.3967270310E-01,    -0.1380276100E-13,    -0.7446967110E+00
mkg-q1-11-10,        -114.4683839751922,     0.5368912050E-01,    -0.1349235390E-13,    -0.6962040860E+00
mkg-q2-11-0,        -114.4668610406046,     0.1004311840E-14,    -0.1449224340E+00,    -0.7884934730E+00
mkg-q2-11-1,        -114.4846223096143,     0.5403281150E-16,    -0.1101464870E+00,    -0.7997533750E+00
mkg-q2-11-2,        -114.4956428468686,     0.2254807750E-15,    -0.8024957980E-01,    -0.8066299290E+00
mkg-q2-11-3,        -114.5025600528772,     0.4704758670E-15,    -0.5258432390E-01,    -0.8109885540E+00
mkg-q2-11-4,        -114.5064044307281,    -0.1807219810E-16,    -0.2604802550E-01,    -0.8134491420E+00
mkg-q2-11-6,        -114.5064044307274,     0.1654901530E-14,     0.2604802550E-01,    -0.8134491420E+00
mkg-q2-11-7,        -114.5025600528774,     0.1331087420E-15,     0.5258432390E-01,    -0.8109885540E+00
mkg-q2-11-8,        -114.4956428468683,     0.1040309310E-14,     0.8024957980E-01,    -0.8066299290E+00
mkg-q2-11-9,        -114.4846223096140,     0.3270967680E-15,     0.1101464870E+00,    -0.7997533750E+00
mkg-q2-11-10,        -114.4668610406038,    -0.5513313980E-15,     0.1449224340E+00,    -0.7884934730E+00
mkg-q3-11-0,        -114.4592272340630,     0.9169462580E-15,     0.1115156140E-12,    -0.8612212260E+00
mkg-q3-11-1,        -114.4801229232785,    -0.2797096610E-15,     0.8452592600E-13,    -0.8532745820E+00
mkg-q3-11-2,        -114.4932452741521,     0.1342310770E-14,     0.2077827380E-13,    -0.8459248500E+00
mkg-q3-11-3,        -114.5015551857337,    -0.1905408350E-14,     0.9731974880E-14,    -0.8374665430E+00
mkg-q3-11-4,        -114.5061820794240,    -0.7816000260E-15,    -0.1750471510E-14,    -0.8270838110E+00
mkg-q3-11-6,        -114.5061184361254,    -0.1741628650E-14,    -0.3492209780E-13,    -0.7984945230E+00
mkg-q3-11-7,        -114.5015514597451,    -0.9941926300E-15,    -0.1180089010E-13,    -0.7792278590E+00
mkg-q3-11-8,        -114.4935752907509,    -0.5673197670E-15,    -0.1669828550E-13,    -0.7553766690E+00
mkg-q3-11-9,        -114.4813000560191,    -0.1561221340E-14,    -0.9367073090E-14,    -0.7246008870E+00
mkg-q3-11-10,        -114.4622986997241,    -0.5874848160E-15,    -0.2916720680E-14,    -0.6804676310E+00
mkg-q4-11-0,        -114.4681756314004,    -0.1982829890E-15,    -0.3319016610E-13,    -0.1050011660E+01
mkg-q4-11-1,        -114.4829580127303,     0.3622957060E-15,     0.6168416470E-13,    -0.1005987250E+01
mkg-q4-11-2,        -114.4935577070366,     0.1474094950E-14,     0.1248510300E-13,    -0.9623895320E+00
mkg-q4-11-3,        -114.5011503418388,    -0.4809078380E-15,     0.7375805700E-13,    -0.9167337100E+00
mkg-q4-11-4,        -114.5059200863105,     0.8454451870E-15,    -0.1428731810E-13,    -0.8677176190E+00
mkg-q4-11-6,        -114.5057480614542,     0.5831517800E-15,    -0.3502975900E-13,    -0.7550899730E+00
mkg-q4-11-7,        -114.4992477971838,    -0.1418344950E-14,    -0.6012334730E-14,    -0.6886081940E+00
mkg-q4-11-8,        -114.4863971665456,    -0.4280794030E-15,     0.3056945970E-13,    -0.6122735300E+00
mkg-q4-11-9,        -114.4638078077714,    -0.9163233460E-15,    -0.9006630080E-14,    -0.5214125460E+00
mkg-q4-11-10,        -114.4229020667872,     0.4566281940E-15,    -0.9500592590E-14,    -0.4042312760E+00
mkg-q5-11-0,        -114.4560030328107,     0.1340204970E-14,    -0.3281409700E-13,    -0.5916019940E+00
mkg-q5-11-1,        -114.4740635133742,     0.2214938640E-14,    -0.3362631490E-12,    -0.6504457060E+00
mkg-q5-11-2,        -114.4878170179386,    -0.2826590030E-14,    -0.8319286560E-14,    -0.6987919000E+00
mkg-q5-11-3,        -114.4982104806261,     0.1301861650E-14,    -0.2739456610E-12,    -0.7412559000E+00
mkg-q5-11-4,        -114.5050687950223,     0.1308464000E-14,     0.8037743650E-13,    -0.7794863710E+00
mkg-q5-11-6,        -114.5045462691555,     0.1662918600E-15,    -0.1883812120E-13,    -0.8459128040E+00
mkg-q5-11-7,        -114.4934773172295,     0.6408457830E-15,    -0.3383453460E-13,    -0.8746572840E+00
mkg-q5-11-8,        -114.4703837091572,     0.2927101780E-14,    -0.3612561640E-15,    -0.9005096510E+00
mkg-q5-11-9,        -114.4272838494614,     0.1058573830E-14,    -0.3796876010E-15,    -0.9233795210E+00
mkg-q5-11-10,        -114.3435728628075,     0.5449356690E-15,    -0.3686287390E-17,    -0.9429220080E+00
mkg-q6-11-0,        -114.3951350665561,    -0.2151579670E-15,     0.2902894470E+00,    -0.6945598170E+00
mkg-q6-11-1,        -114.4487639402088,     0.1257734900E-14,     0.2284366570E+00,    -0.7424954540E+00
mkg-q6-11-2,        -114.4783346767490,     0.6742307630E-15,     0.1704171780E+00,    -0.7751788610E+00
mkg-q6-11-3,        -114.4955816423014,    -0.5260617030E-15,     0.1134402130E+00,    -0.7971905550E+00
mkg-q6-11-4,        -114.5047523185379,     0.6994225400E-15,     0.5670640680E-01,    -0.8100232770E+00
mkg-q6-11-6,        -114.5047523185373,    -0.5774138370E-16,    -0.5670640680E-01,    -0.8100232770E+00
mkg-q6-11-7,        -114.4955816423019,    -0.9475059750E-15,    -0.1134402130E+00,    -0.7971905550E+00
mkg-q6-11-8,        -114.4783346767491,     0.9660916000E-15,    -0.1704171780E+00,    -0.7751788610E+00
mkg-q6-11-9,        -114.4487639402084,     0.8215099530E-15,    -0.2284366570E+00,    -0.7424954540E+00
mkg-q6-11-10,        -114.3951350665556,    -0.4925710030E-15,    -0.2902894470E+00,    -0.6945598170E+00
