    1    1
    3
   0.10960474E-06   0.16452765E-04   0.40980980E-12
    2    1
    3
  -0.28717112E-01   0.33248932E-04   0.99499306E-11
    2    2
    3
   0.10211553E-04  -0.41054698E-02   0.59290950E-12
    3    1
    3
  -0.33415361E-04  -0.28702076E-01  -0.20407589E-11
    3    2
    3
  -0.43091567E-02  -0.95382555E-05   0.51225531E-13
    3    3
    3
  -0.98089807E-05   0.41326568E-02   0.52301597E-12
    4    1
    3
  -0.12877198E-10   0.27553047E-11  -0.22233319E-01
    4    2
    3
   0.61856206E-12  -0.17207954E-11  -0.14070913E-07
    4    3
    3
  -0.18719959E-11  -0.26250580E-12   0.66421435E-06
    4    4
    3
   0.12008705E-06   0.30138822E-04  -0.12035190E-12
    5    1
    3
   0.39860780E-08   0.16846037E-03   0.19951263E-13
    5    2
    3
   0.25852846E-01  -0.29136219E-04  -0.60925052E-11
    5    3
    3
   0.30479247E-04   0.25492952E-01   0.18790174E-11
    5    4
    3
   0.11520258E-10  -0.15546165E-11   0.13531940E-01
    5    5
    3
  -0.99083128E-08  -0.41845818E-04   0.30165769E-12
    6    1
    3
  -0.88409196E-06   0.65854069E-02   0.12364771E-13
    6    2
    3
   0.28546585E-01   0.29945486E-04   0.15813682E-11
    6    3
    3
   0.29736462E-04  -0.28738617E-01  -0.11386383E-11
    6    4
    3
   0.14631031E-10   0.11898823E-11  -0.29609207E-03
    6    5
    3
   0.79189291E-06  -0.66184058E-02   0.37112802E-13
    6    6
    3
   0.22860869E-06   0.50268906E-03   0.39304078E-12
    7    1
    3
   0.12300610E-06   0.21384408E-05  -0.10659803E-12
    7    2
    3
  -0.15917130E-01   0.18654300E-04  -0.14135573E-10
    7    3
    3
  -0.18717678E-04  -0.16270823E-01   0.36261688E-12
    7    4
    3
  -0.10478566E-10  -0.10711672E-11   0.25760315E-01
    7    5
    3
   0.88812538E-07  -0.15118501E-04  -0.22019075E-12
    7    6
    3
  -0.60033267E-06   0.46291448E-02  -0.17674076E-13
    7    7
    3
   0.11612890E-06   0.90239332E-04   0.13172314E-12
    8    1
    3
  -0.77764928E-02  -0.65748354E-06  -0.12836590E-13
    8    2
    3
   0.29700211E-04  -0.28390409E-01  -0.13120623E-11
    8    3
    3
  -0.28302376E-01  -0.28985188E-04   0.32843165E-11
    8    4
    3
   0.10432200E-11  -0.85173696E-11   0.13697431E-06
    8    5
    3
   0.65127909E-02   0.70438875E-06   0.11950507E-13
    8    6
    3
   0.51001661E-03  -0.26256858E-06  -0.14418113E-13
    8    7
    3
  -0.48216133E-02  -0.48285472E-06   0.50206512E-14
    8    8
    3
   0.63668509E-06  -0.71415925E-03   0.74705263E-12
    9    1
    3
   0.12623412E-11   0.54199079E-12   0.23048240E-05
    9    2
    3
  -0.83812274E-12  -0.89871625E-11  -0.27645850E-04
    9    3
    3
   0.40721411E-11  -0.90962583E-12   0.22883383E-01
    9    4
    3
  -0.12871262E-05   0.29113558E-01  -0.44331550E-12
    9    5
    3
  -0.95199225E-12  -0.29352917E-12   0.17139099E-04
    9    6
    3
  -0.40933519E-12   0.68444647E-12  -0.75303288E-04
    9    7
    3
   0.12957753E-11   0.29662533E-13  -0.11262129E-04
    9    8
    3
  -0.61300529E-12   0.75192072E-12   0.20129380E-07
    9    9
    3
   0.60185991E-06   0.43424626E-02  -0.17851612E-12
   10    1
    3
  -0.38998255E-12  -0.67718058E-12   0.27543458E-07
   10    2
    3
  -0.16309097E-10  -0.16980520E-11   0.22881247E-01
   10    3
    3
   0.10469329E-11  -0.50775642E-13   0.27639225E-04
   10    4
    3
   0.29068088E-01   0.14437174E-05   0.13292721E-10
   10    5
    3
   0.21422965E-12   0.40899950E-12  -0.10141625E-07
   10    6
    3
   0.25429236E-13   0.31742612E-12   0.34538490E-08
   10    7
    3
   0.34947277E-12   0.25911501E-12  -0.17090611E-07
   10    8
    3
  -0.11163247E-11   0.42288538E-13   0.63273953E-04
   10    9
    3
  -0.43100802E-02   0.41238502E-06   0.24286711E-14
   10   10
    3
  -0.19633312E-06  -0.41239552E-02  -0.26632696E-13
   11    1
    3
   0.41386395E-06   0.64256832E-03   0.17930293E-12
   11    2
    3
  -0.61153394E-02   0.63238103E-05   0.67934127E-11
   11    3
    3
  -0.73465395E-05  -0.56435130E-02  -0.15701061E-11
   11    4
    3
  -0.26430157E-11   0.31804307E-12  -0.14939359E-01
   11    5
    3
   0.11435773E-06   0.11246716E-03   0.22180758E-12
   11    6
    3
  -0.48716372E-06   0.29734190E-02  -0.36645367E-13
   11    7
    3
   0.51907617E-07   0.97169210E-06   0.20652883E-12
   11    8
    3
  -0.38576815E-02  -0.29375106E-06  -0.12286248E-13
   11    9
    3
   0.55856834E-12   0.22026640E-12   0.10771698E-04
   11   10
    3
  -0.21140911E-12  -0.27392880E-12   0.10526190E-07
   11   11
    3
   0.41820011E-06   0.43807877E-03   0.64856721E-12
   12    1
    3
   0.11678687E-04  -0.38727680E-01  -0.14888734E-13
   12    2
    3
   0.81426049E-02   0.67744180E-05  -0.33610094E-13
   12    3
    3
   0.67033332E-05  -0.82007442E-02   0.66764653E-13
   12    4
    3
   0.34992293E-11   0.11632140E-11  -0.21729830E-03
   12    5
    3
   0.11214689E-05  -0.35944000E-02   0.62596277E-13
   12    6
    3
  -0.47251858E-06  -0.94962728E-03  -0.30161496E-13
   12    7
    3
   0.32237795E-06  -0.11113317E-02   0.13236356E-12
   12    8
    3
  -0.17612097E-02   0.56004293E-06  -0.65484350E-13
   12    9
    3
   0.30285308E-12  -0.12352395E-12  -0.44500916E-03
   12   10
    3
  -0.13185854E-12   0.63355917E-13   0.11641206E-06
   12   11
    3
   0.31343819E-05  -0.10498744E-01   0.27418561E-14
   12   12
    3
   0.56534402E-05   0.88657344E-02   0.72186682E-12
   13    1
    3
  -0.38499576E-01  -0.11643277E-04   0.91967311E-14
   13    2
    3
  -0.81732299E-05   0.88103886E-02  -0.27955580E-13
   13    3
    3
   0.90654060E-02   0.75580201E-05   0.71284684E-13
   13    4
    3
  -0.50169640E-12   0.40455401E-11  -0.14359711E-06
   13    5
    3
  -0.37284730E-02  -0.11122965E-05  -0.15182613E-13
   13    6
    3
   0.90743390E-03  -0.32544818E-06  -0.18365770E-13
   13    7
    3
  -0.96724597E-03  -0.28693208E-06  -0.20946098E-13
   13    8
    3
  -0.68968790E-06  -0.16781866E-02   0.43491248E-13
   13    9
    3
   0.94046088E-13   0.30211301E-12  -0.11692379E-06
   13   10
    3
  -0.16312258E-12  -0.65717143E-13  -0.45458626E-03
   13   11
    3
  -0.10049954E-01  -0.30806878E-05  -0.21156245E-13
   13   12
    3
  -0.92336170E-02   0.52990010E-05   0.26987813E-13
   13   13
    3
  -0.54432164E-05  -0.87247701E-02   0.78427161E-12
   14    1
    3
   0.94577468E-08  -0.35768270E-03   0.37616140E-13
   14    2
    3
  -0.19692399E-02  -0.52226148E-05   0.10310480E-13
   14    3
    3
  -0.26164998E-05   0.48743106E-02   0.48997186E-14
   14    4
    3
  -0.86610473E-12  -0.45575575E-13  -0.51689427E-05
   14    5
    3
  -0.29602950E-07   0.38985584E-01   0.94623311E-12
   14    6
    3
  -0.34063149E-05  -0.26930741E-01  -0.12554335E-11
   14    7
    3
  -0.10065344E-06  -0.12696580E-01  -0.17132765E-11
   14    8
    3
  -0.14985924E-01   0.26139753E-05   0.84461796E-12
   14    9
    3
   0.24893053E-11  -0.87136569E-12   0.78273018E-02
   14   10
    3
  -0.44433193E-12   0.66155936E-12   0.27530819E-06
   14   11
    3
  -0.13434949E-06  -0.98211836E-03   0.20269200E-13
   14   12
    3
  -0.37332962E-06  -0.38152961E-03   0.10957168E-12
   14   13
    3
   0.12816097E-02  -0.30642564E-06   0.84269641E-13
   14   14
    3
  -0.94722100E-07   0.10068006E-01   0.58095527E-12
   15    1
    3
   0.13989948E-03  -0.25110432E-07  -0.12215742E-12
   15    2
    3
  -0.31297628E-05   0.60070720E-02   0.20927907E-13
   15    3
    3
   0.26275397E-02   0.68249292E-05  -0.10995795E-13
   15    4
    3
  -0.83573277E-13   0.29667451E-11   0.41930660E-08
   15    5
    3
  -0.39109915E-01  -0.72823871E-06  -0.17556435E-11
   15    6
    3
  -0.25114638E-01   0.26002231E-05  -0.13824717E-11
   15    7
    3
   0.11673024E-01   0.25633625E-06   0.11041420E-11
   15    8
    3
   0.22545837E-05   0.16190242E-01   0.13044295E-11
   15    9
    3
  -0.83964272E-13  -0.33216349E-11   0.28790261E-06
   15   10
    3
  -0.35062562E-12  -0.65063856E-13  -0.80876441E-02
   15   11
    3
   0.58644625E-03   0.10664762E-06  -0.79824494E-13
   15   12
    3
   0.35995029E-03   0.35972850E-06   0.91894879E-13
   15   13
    3
   0.17538477E-06  -0.10755025E-02  -0.12922261E-13
   15   14
    3
   0.50700668E-02  -0.44857226E-06  -0.19390600E-13
   15   15
    3
   0.28721393E-06  -0.78362548E-02   0.60661392E-12
   16    1
    3
  -0.50327576E-15   0.10050485E-12   0.24767210E-02
   16    2
    3
   0.25333688E-13   0.29858282E-12  -0.25209049E-08
   16    3
    3
   0.39285233E-12   0.47686573E-13  -0.73503344E-05
   16    4
    3
   0.14568913E-07  -0.52062422E-03   0.66209061E-13
   16    5
    3
  -0.24772366E-11  -0.39185937E-12   0.25115524E-01
   16    6
    3
   0.75433012E-12  -0.41309905E-12  -0.23223666E-03
   16    7
    3
  -0.24624611E-11  -0.19123812E-11   0.16983508E-01
   16    8
    3
  -0.84754336E-12   0.38705359E-11   0.73247602E-07
   16    9
    3
  -0.44963337E-06   0.15946830E-01  -0.18678388E-12
   16   10
    3
   0.15742764E-01   0.10388883E-05   0.29103569E-12
   16   11
    3
   0.10944126E-12   0.21760626E-13   0.75017504E-03
   16   12
    3
  -0.14395268E-12   0.95079512E-13  -0.23881077E-03
   16   13
    3
  -0.11043988E-12   0.16264232E-13  -0.11138882E-07
   16   14
    3
   0.39767389E-12   0.19049288E-12   0.48370570E-04
   16   15
    3
  -0.24141727E-12  -0.22070534E-12   0.25376224E-08
   16   16
    3
   0.10969207E-06   0.28517551E-03   0.85158400E-13
   17    1
    3
  -0.11361848E-06   0.95582405E-04   0.19031594E-13
   17    2
    3
  -0.95837124E-02   0.91016086E-05  -0.47738560E-13
   17    3
    3
  -0.11132653E-04  -0.75663455E-02  -0.53792304E-13
   17    4
    3
  -0.45796393E-11   0.32358644E-13   0.83953011E-04
   17    5
    3
   0.12335155E-05   0.69009972E-02   0.15704412E-13
   17    6
    3
  -0.54959783E-05   0.30817562E-01   0.17710006E-11
   17    7
    3
   0.16096679E-06  -0.19510580E-03  -0.70810835E-13
   17    8
    3
  -0.37058500E-01  -0.50159116E-05  -0.78742517E-12
   17    9
    3
   0.68248892E-11  -0.13657825E-11   0.30234505E-02
   17   10
    3
  -0.58398177E-13  -0.48271924E-12   0.77257187E-06
   17   11
    3
  -0.84066408E-07  -0.49813477E-03   0.37130380E-13
   17   12
    3
  -0.20463067E-06  -0.21424015E-03  -0.26405398E-13
   17   13
    3
   0.43543427E-03   0.16280195E-06   0.54165332E-13
   17   14
    3
  -0.21027417E-06  -0.55005740E-02  -0.52228297E-13
   17   15
    3
   0.72311230E-02  -0.19048729E-06   0.28399141E-13
   17   16
    3
   0.19015176E-12  -0.32501255E-12  -0.77804558E-04
   17   17
    3
   0.31203993E-06  -0.18782635E-02   0.60182511E-12
   18    1
    3
  -0.14000170E-03  -0.20013656E-07  -0.64436230E-13
   18    2
    3
  -0.11641072E-04  -0.71203566E-02   0.34978458E-13
   18    3
    3
   0.94788546E-02  -0.86201124E-05  -0.35446471E-15
   18    4
    3
  -0.76203213E-13  -0.31538684E-11   0.10570648E-07
   18    5
    3
  -0.51040333E-02   0.12980159E-05  -0.62853256E-12
   18    6
    3
   0.31515102E-01   0.46687636E-05  -0.25240067E-12
   18    7
    3
   0.14921722E-02   0.72279306E-06  -0.49672870E-12
   18    8
    3
  -0.53388728E-05   0.37566657E-01   0.23978329E-11
   18    9
    3
  -0.83355562E-12  -0.54132845E-11   0.13599782E-05
   18   10
    3
  -0.22296230E-11  -0.61060040E-12  -0.18587070E-02
   18   11
    3
   0.85325477E-03   0.24104171E-06  -0.66370400E-14
   18   12
    3
  -0.91784538E-04   0.21394322E-07   0.21168319E-13
   18   13
    3
  -0.98560593E-07  -0.40659725E-03   0.29220151E-13
   18   14
    3
   0.59495361E-02   0.84506985E-07   0.28699129E-13
   18   15
    3
   0.38328946E-06   0.42054267E-02  -0.16678816E-15
   18   16
    3
   0.16137523E-12   0.19919339E-12   0.32535961E-08
   18   17
    3
   0.20016536E-02  -0.26677816E-06   0.10420954E-14
   18   18
    3
   0.80139453E-06   0.14059758E-02   0.51701382E-12
   19    1
    3
  -0.27279773E-12  -0.13967946E-11   0.18621192E-03
   19    2
    3
   0.86630680E-11   0.42519268E-11   0.43831111E-07
   19    3
    3
   0.15305521E-11  -0.34239082E-11  -0.36229012E-04
   19    4
    3
   0.87556575E-06  -0.69974886E-02  -0.38682521E-13
   19    5
    3
  -0.45147113E-12   0.45256094E-11  -0.15111123E-02
   19    6
    3
  -0.30165457E-11   0.15986268E-10   0.22912102E-01
   19    7
    3
   0.12922198E-10   0.91089236E-10   0.61547618E-02
   19    8
    3
   0.28991568E-10  -0.59390668E-13   0.38671248E-07
   19    9
    3
  -0.44302592E-05  -0.34376645E-01   0.81833328E-10
   19   10
    3
   0.22119670E-01  -0.50244026E-05   0.12798812E-10
   19   11
    3
   0.47280933E-12   0.32745385E-11   0.21307416E-03
   19   12
    3
  -0.15068372E-12   0.77181328E-12  -0.38824189E-03
   19   13
    3
  -0.35312224E-12  -0.54160658E-13  -0.55127001E-07
   19   14
    3
   0.60737738E-12  -0.48750818E-11  -0.16761861E-03
   19   15
    3
  -0.38044171E-11  -0.51138286E-12   0.11651378E-08
   19   16
    3
   0.30800771E-06  -0.35313462E-02   0.90819581E-13
   19   17
    3
   0.18761449E-11   0.10143603E-10   0.30182685E-04
   19   18
    3
  -0.84398164E-11   0.13137566E-11  -0.85727521E-08
   19   19
    3
  -0.16269941E-06   0.39168714E-02  -0.34687103E-12
   20    1
    3
  -0.43360933E-07   0.47778176E-03   0.10477052E-12
   20    2
    3
  -0.28095958E-02  -0.16495137E-05  -0.25289070E-13
   20    3
    3
  -0.28225497E-05   0.12661527E-02  -0.21240504E-12
   20    4
    3
  -0.33754034E-11  -0.20432411E-10   0.12202112E-04
   20    5
    3
  -0.19526724E-07  -0.15147989E-02  -0.24837159E-11
   20    6
    3
  -0.19099783E-06  -0.64205803E-02   0.68254813E-10
   20    7
    3
  -0.26599495E-06  -0.31514884E-01   0.77047819E-11
   20    8
    3
  -0.99610218E-02   0.20807591E-05  -0.10523606E-10
   20    9
    3
   0.90821912E-11  -0.91391878E-10  -0.28384883E-01
   20   10
    3
   0.75771706E-10   0.44397962E-11  -0.15161778E-05
   20   11
    3
  -0.71707134E-07  -0.11035744E-02   0.36578669E-12
   20   12
    3
  -0.31731974E-07  -0.34663187E-03  -0.12235146E-11
   20   13
    3
   0.13393243E-03  -0.15967656E-06  -0.23028061E-12
   20   14
    3
   0.80140261E-07   0.18288358E-02  -0.39864597E-12
   20   15
    3
   0.12153185E-02   0.59064377E-07   0.23821210E-15
   20   16
    3
  -0.72617922E-12  -0.10160610E-10   0.71749430E-06
   20   17
    3
   0.12311700E-06  -0.34713186E-02   0.25316866E-12
   20   18
    3
   0.30685997E-02  -0.26177756E-06   0.85787355E-14
   20   19
    3
   0.29963461E-11  -0.52467903E-11   0.54155213E-04
   20   20
    3
   0.41111024E-06   0.48268045E-02   0.28466013E-12
