    100.0000      0.0000
    101.0000      0.0000
    102.0000      0.0000
    103.0000      0.0000
    104.0000      0.0000
    105.0000      0.0000
    106.0000      0.0000
    107.0000      0.0000
    108.0000      0.0000
    109.0000      0.0000
    110.0000      0.0000
    111.0000      0.0000
    112.0000      0.0000
    113.0000      0.0000
    114.0000      0.0000
    115.0000      0.0000
    116.0000      0.0000
    117.0000      0.0000
    118.0000      0.0000
    119.0000      0.0000
    120.0000      0.0000
    121.0000      0.0000
    122.0000      0.0000
    123.0000      0.0000
    124.0000      0.0000
    125.0000      0.0000
    126.0000      0.0000
    127.0000      0.0000
    128.0000      0.0000
    129.0000      0.0000
    130.0000      0.0000
    131.0000      0.0000
    132.0000      0.0000
    133.0000      0.0000
    134.0000      0.0000
    135.0000      0.0000
    136.0000      0.0000
    137.0000      0.0000
    138.0000      0.0000
    139.0000      0.0000
    140.0000      0.0000
    141.0000      0.0000
    142.0000      0.0000
    143.0000      0.0000
    144.0000      0.0000
    145.0000      0.0000
    146.0000      0.0000
    147.0000      0.0000
    148.0000      0.0000
    149.0000      0.0000
    150.0000      0.0000
    151.0000      0.0000
    152.0000      0.0000
    153.0000      0.0000
    154.0000      0.0000
    155.0000      0.0000
    156.0000      0.0000
    157.0000      0.0000
    158.0000      0.0000
    159.0000      0.0000
    160.0000      0.0000
    161.0000      0.0000
    162.0000      0.0000
    163.0000      0.0000
    164.0000      0.0000
    165.0000      0.0000
    166.0000      0.0000
    167.0000      0.0000
    168.0000      0.0000
    169.0000      0.0000
    170.0000      0.0000
    171.0000      0.0000
    172.0000      0.0000
    173.0000      0.0000
    174.0000      0.0000
    175.0000      0.0000
    176.0000      0.0000
    177.0000      0.0000
    178.0000      0.0000
    179.0000      0.0000
    180.0000      0.0000
    181.0000      0.0000
    182.0000      0.0000
    183.0000      0.0000
    184.0000      0.0000
    185.0000      0.0000
    186.0000      0.0000
    187.0000      0.0000
    188.0000      0.0000
    189.0000      0.0000
    190.0000      0.0000
    191.0000      0.0000
    192.0000      0.0000
    193.0000      0.0000
    194.0000      0.0000
    195.0000      0.0000
    196.0000      0.0000
    197.0000      0.0000
    198.0000      0.0000
    199.0000      0.0000
    200.0000      0.0000
    201.0000      0.0000
    202.0000      0.0000
    203.0000      0.0000
    204.0000      0.0000
    205.0000      0.0000
    206.0000      0.0000
    207.0000      0.0000
    208.0000      0.0000
    209.0000      0.0000
    210.0000      0.0000
    211.0000      0.0000
    212.0000      0.0000
    213.0000      0.0000
    214.0000      0.0000
    215.0000      0.0000
    216.0000      0.0000
    217.0000      0.0000
    218.0000      0.0000
    219.0000      0.0000
    220.0000      0.0000
    221.0000      0.0000
    222.0000      0.0000
    223.0000      0.0000
    224.0000      0.0000
    225.0000      0.0000
    226.0000      0.0000
    227.0000      0.0000
    228.0000      0.0000
    229.0000      0.0000
    230.0000      0.0000
    231.0000      0.0000
    232.0000      0.0000
    233.0000      0.0000
    234.0000      0.0000
    235.0000      0.0000
    236.0000      0.0000
    237.0000      0.0000
    238.0000      0.0000
    239.0000      0.0000
    240.0000      0.0000
    241.0000      0.0000
    242.0000      0.0000
    243.0000      0.0000
    244.0000      0.0000
    245.0000      0.0000
    246.0000      0.0000
    247.0000      0.0000
    248.0000      0.0000
    249.0000      0.0000
    250.0000      0.0000
    251.0000      0.0000
    252.0000      0.0000
    253.0000      0.0000
    254.0000      0.0000
    255.0000      0.0000
    256.0000      0.0000
    257.0000      0.0000
    258.0000      0.0000
    259.0000      0.0000
    260.0000      0.0000
    261.0000      0.0000
    262.0000      0.0000
    263.0000      0.0000
    264.0000      0.0000
    265.0000      0.0000
    266.0000      0.0000
    267.0000      0.0000
    268.0000      0.0000
    269.0000      0.0000
    270.0000      0.0000
    271.0000      0.0000
    272.0000      0.0000
    273.0000      0.0000
    274.0000      0.0000
    275.0000      0.0000
    276.0000      0.0000
    277.0000      0.0000
    278.0000      0.0000
    279.0000      0.0000
    280.0000      0.0000
    281.0000      0.0000
    282.0000      0.0000
    283.0000      0.0000
    284.0000      0.0000
    285.0000      0.0000
    286.0000      0.0000
    287.0000      0.0000
    288.0000      0.0000
    289.0000      0.0000
    290.0000      0.0000
    291.0000      0.0000
    292.0000      0.0000
    293.0000      0.0000
    294.0000      0.0000
    295.0000      0.0000
    296.0000      0.0000
    297.0000      0.0000
    298.0000      0.0000
    299.0000      0.0000
    300.0000      0.0000
    301.0000      0.0000
    302.0000      0.0000
    303.0000      0.0000
    304.0000      0.0000
    305.0000      0.0000
    306.0000      0.0000
    307.0000      0.0000
    308.0000      0.0000
    309.0000      0.0000
    310.0000      0.0000
    311.0000      0.0000
    312.0000      0.0000
    313.0000      0.0000
    314.0000      0.0000
    315.0000      0.0000
    316.0000      0.0000
    317.0000      0.0000
    318.0000      0.0000
    319.0000      0.0000
    320.0000      0.0000
    321.0000      0.0000
    322.0000      0.0000
    323.0000      0.0000
    324.0000      0.0000
    325.0000      0.0000
    326.0000      0.0000
    327.0000      0.0000
    328.0000      0.0000
    329.0000      0.0000
    330.0000      0.0000
    331.0000      0.0000
    332.0000      0.0000
    333.0000      0.0000
    334.0000      0.0000
    335.0000      0.0000
    336.0000      0.0000
    337.0000      0.0000
    338.0000      0.0000
    339.0000      0.0000
    340.0000      0.0000
    341.0000      0.0000
    342.0000      0.0000
    343.0000      0.0000
    344.0000      0.0000
    345.0000      0.0000
    346.0000      0.0000
    347.0000      0.0000
    348.0000      0.0000
    349.0000      0.0000
    350.0000      0.0000
    351.0000      0.0000
    352.0000      0.0000
    353.0000      0.0000
    354.0000      0.0000
    355.0000      0.0000
    356.0000      0.0000
    357.0000      0.0000
    358.0000      0.0000
    359.0000      0.0000
    360.0000      0.0000
    361.0000      0.0000
    362.0000      0.0000
    363.0000      0.0000
    364.0000      0.0000
    365.0000      0.0000
    366.0000      0.0000
    367.0000      0.0000
    368.0000      0.0000
    369.0000      0.0000
    370.0000      0.0000
    371.0000      0.0000
    372.0000      0.0000
    373.0000      0.0000
    374.0000      0.0000
    375.0000      0.0000
    376.0000      0.0000
    377.0000      0.0000
    378.0000      0.0000
    379.0000      0.0000
    380.0000      0.0000
    381.0000      0.0000
    382.0000      0.0000
    383.0000      0.0000
    384.0000      0.0000
    385.0000      0.0000
    386.0000      0.0000
    387.0000      0.0000
    388.0000      0.0000
    389.0000      0.0000
    390.0000      0.0000
    391.0000      0.0000
    392.0000      0.0000
    393.0000      0.0000
    394.0000      0.0000
    395.0000      0.0000
    396.0000      0.0000
    397.0000      0.0000
    398.0000      0.0000
    399.0000      0.0000
    400.0000      0.0000
    401.0000      0.0000
    402.0000      0.0000
    403.0000      0.0000
    404.0000      0.0000
    405.0000      0.0000
    406.0000      0.0000
    407.0000      0.0000
    408.0000      0.0000
    409.0000      0.0001
    410.0000      0.0001
    411.0000      0.0001
    412.0000      0.0002
    413.0000      0.0002
    414.0000      0.0002
    415.0000      0.0002
    416.0000      0.0002
    417.0000      0.0002
    418.0000      0.0002
    419.0000      0.0002
    420.0000      0.0002
    421.0000      0.0002
    422.0000      0.0002
    423.0000      0.0002
    424.0000      0.0002
    425.0000      0.0002
    426.0000      0.0002
    427.0000      0.0002
    428.0000      0.0002
    429.0000      0.0002
    430.0000      0.0002
    431.0000      0.0002
    432.0000      0.0002
    433.0000      0.0002
    434.0000      0.0002
    435.0000      0.0002
    436.0000      0.0002
    437.0000      0.0002
    438.0000      0.0002
    439.0000      0.0002
    440.0000      0.0002
    441.0000      0.0002
    442.0000      0.0002
    443.0000      0.0002
    444.0000      0.0002
    445.0000      0.0002
    446.0000      0.0002
    447.0000      0.0002
    448.0000      0.0002
    449.0000      0.0002
    450.0000      0.0002
    451.0000      0.0002
    452.0000      0.0002
    453.0000      0.0002
    454.0000      0.0002
    455.0000      0.0002
    456.0000      0.0002
    457.0000      0.0002
    458.0000      0.0002
    459.0000      0.0002
    460.0000      0.0002
    461.0000      0.0002
    462.0000      0.0002
    463.0000      0.0002
    464.0000      0.0002
    465.0000      0.0002
    466.0000      0.0002
    467.0000      0.0002
    468.0000      0.0002
    469.0000      0.0002
    470.0000      0.0002
    471.0000      0.0002
    472.0000      0.0002
    473.0000      0.0002
    474.0000      0.0002
    475.0000      0.0002
    476.0000      0.0002
    477.0000      0.0002
    478.0000      0.0002
    479.0000      0.0002
    480.0000      0.0002
    481.0000      0.0002
    482.0000      0.0002
    483.0000      0.0002
    484.0000      0.0002
    485.0000      0.0002
    486.0000      0.0002
    487.0000      0.0002
    488.0000      0.0002
    489.0000      0.0002
    490.0000      0.0002
    491.0000      0.0002
    492.0000      0.0002
    493.0000      0.0002
    494.0000      0.0002
    495.0000      0.0002
    496.0000      0.0002
    497.0000      0.0002
    498.0000      0.0002
    499.0000      0.0002
    500.0000      0.0002
    501.0000      0.0002
    502.0000      0.0002
    503.0000      0.0002
    504.0000      0.0002
    505.0000      0.0002
    506.0000      0.0002
    507.0000      0.0002
    508.0000      0.0002
    509.0000      0.0002
    510.0000      0.0002
    511.0000      0.0002
    512.0000      0.0002
    513.0000      0.0002
    514.0000      0.0002
    515.0000      0.0002
    516.0000      0.0002
    517.0000      0.0002
    518.0000      0.0002
    519.0000      0.0002
    520.0000      0.0002
    521.0000      0.0002
    522.0000      0.0002
    523.0000      0.0002
    524.0000      0.0002
    525.0000      0.0002
    526.0000      0.0002
    527.0000      0.0002
    528.0000      0.0002
    529.0000      0.0002
    530.0000      0.0002
    531.0000      0.0002
    532.0000      0.0002
    533.0000      0.0002
    534.0000      0.0002
    535.0000      0.0002
    536.0000      0.0002
    537.0000      0.0002
    538.0000      0.0002
    539.0000      0.0002
    540.0000      0.0002
    541.0000      0.0002
    542.0000      0.0002
    543.0000      0.0002
    544.0000      0.0002
    545.0000      0.0002
    546.0000      0.0002
    547.0000      0.0002
    548.0000      0.0002
    549.0000      0.0002
    550.0000      0.0002
    551.0000      0.0002
    552.0000      0.0002
    553.0000      0.0002
    554.0000      0.0002
    555.0000      0.0002
    556.0000      0.0002
    557.0000      0.0002
    558.0000      0.0002
    559.0000      0.0002
    560.0000      0.0002
    561.0000      0.0002
    562.0000      0.0002
    563.0000      0.0002
    564.0000      0.0002
    565.0000      0.0002
    566.0000      0.0002
    567.0000      0.0002
    568.0000      0.0002
    569.0000      0.0002
    570.0000      0.0002
    571.0000      0.0002
    572.0000      0.0002
    573.0000      0.0002
    574.0000      0.0002
    575.0000      0.0002
    576.0000      0.0002
    577.0000      0.0002
    578.0000      0.0002
    579.0000      0.0002
    580.0000      0.0002
    581.0000      0.0002
    582.0000      0.0002
    583.0000      0.0002
    584.0000      0.0002
    585.0000      0.0002
    586.0000      0.0002
    587.0000      0.0002
    588.0000      0.0002
    589.0000      0.0002
    590.0000      0.0002
    591.0000      0.0002
    592.0000      0.0002
    593.0000      0.0002
    594.0000      0.0002
    595.0000      0.0002
    596.0000      0.0002
    597.0000      0.0002
    598.0000      0.0002
    599.0000      0.0002
    600.0000      0.0002
    601.0000      0.0002
    602.0000      0.0002
    603.0000      0.0002
    604.0000      0.0002
    605.0000      0.0002
    606.0000      0.0002
    607.0000      0.0002
    608.0000      0.0002
    609.0000      0.0002
    610.0000      0.0002
    611.0000      0.0002
    612.0000      0.0002
    613.0000      0.0002
    614.0000      0.0002
    615.0000      0.0002
    616.0000      0.0002
    617.0000      0.0002
    618.0000      0.0002
    619.0000      0.0002
    620.0000      0.0002
    621.0000      0.0002
    622.0000      0.0003
    623.0000      0.0003
    624.0000      0.0003
    625.0000      0.0003
    626.0000      0.0003
    627.0000      0.0003
    628.0000      0.0003
    629.0000      0.0003
    630.0000      0.0003
    631.0000      0.0003
    632.0000      0.0003
    633.0000      0.0003
    634.0000      0.0003
    635.0000      0.0003
    636.0000      0.0003
    637.0000      0.0003
    638.0000      0.0003
    639.0000      0.0003
    640.0000      0.0003
    641.0000      0.0003
    642.0000      0.0003
    643.0000      0.0003
    644.0000      0.0003
    645.0000      0.0003
    646.0000      0.0003
    647.0000      0.0003
    648.0000      0.0003
    649.0000      0.0003
    650.0000      0.0003
    651.0000      0.0003
    652.0000      0.0003
    653.0000      0.0003
    654.0000      0.0003
    655.0000      0.0003
    656.0000      0.0003
    657.0000      0.0003
    658.0000      0.0003
    659.0000      0.0003
    660.0000      0.0003
    661.0000      0.0003
    662.0000      0.0003
    663.0000      0.0003
    664.0000      0.0003
    665.0000      0.0003
    666.0000      0.0003
    667.0000      0.0003
    668.0000      0.0003
    669.0000      0.0003
    670.0000      0.0003
    671.0000      0.0003
    672.0000      0.0003
    673.0000      0.0003
    674.0000      0.0003
    675.0000      0.0003
    676.0000      0.0003
    677.0000      0.0003
    678.0000      0.0003
    679.0000      0.0003
    680.0000      0.0003
    681.0000      0.0003
    682.0000      0.0003
    683.0000      0.0003
    684.0000      0.0003
    685.0000      0.0003
    686.0000      0.0003
    687.0000      0.0003
    688.0000      0.0003
    689.0000      0.0003
    690.0000      0.0003
    691.0000      0.0003
    692.0000      0.0003
    693.0000      0.0003
    694.0000      0.0003
    695.0000      0.0003
    696.0000      0.0003
    697.0000      0.0003
    698.0000      0.0003
    699.0000      0.0003
    700.0000      0.0003
    701.0000      0.0003
    702.0000      0.0003
    703.0000      0.0003
    704.0000      0.0003
    705.0000      0.0003
    706.0000      0.0003
    707.0000      0.0003
    708.0000      0.0003
    709.0000      0.0003
    710.0000      0.0003
    711.0000      0.0003
    712.0000      0.0003
    713.0000      0.0003
    714.0000      0.0003
    715.0000      0.0003
    716.0000      0.0003
    717.0000      0.0003
    718.0000      0.0003
    719.0000      0.0003
    720.0000      0.0003
    721.0000      0.0003
    722.0000      0.0003
    723.0000      0.0003
    724.0000      0.0003
    725.0000      0.0003
    726.0000      0.0003
    727.0000      0.0003
    728.0000      0.0003
    729.0000      0.0003
    730.0000      0.0003
    731.0000      0.0003
    732.0000      0.0003
    733.0000      0.0003
    734.0000      0.0003
    735.0000      0.0003
    736.0000      0.0003
    737.0000      0.0003
    738.0000      0.0003
    739.0000      0.0003
    740.0000      0.0003
    741.0000      0.0003
    742.0000      0.0003
    743.0000      0.0003
    744.0000      0.0004
    745.0000      0.0004
    746.0000      0.0004
    747.0000      0.0004
    748.0000      0.0004
    749.0000      0.0004
    750.0000      0.0004
    751.0000      0.0004
    752.0000      0.0004
    753.0000      0.0004
    754.0000      0.0004
    755.0000      0.0004
    756.0000      0.0004
    757.0000      0.0004
    758.0000      0.0004
    759.0000      0.0004
    760.0000      0.0004
    761.0000      0.0004
    762.0000      0.0004
    763.0000      0.0004
    764.0000      0.0004
    765.0000      0.0004
    766.0000      0.0004
    767.0000      0.0004
    768.0000      0.0004
    769.0000      0.0004
    770.0000      0.0004
    771.0000      0.0004
    772.0000      0.0004
    773.0000      0.0004
    774.0000      0.0004
    775.0000      0.0004
    776.0000      0.0004
    777.0000      0.0004
    778.0000      0.0004
    779.0000      0.0004
    780.0000      0.0004
    781.0000      0.0004
    782.0000      0.0004
    783.0000      0.0004
    784.0000      0.0004
    785.0000      0.0004
    786.0000      0.0004
    787.0000      0.0004
    788.0000      0.0004
    789.0000      0.0004
    790.0000      0.0004
    791.0000      0.0004
    792.0000      0.0004
    793.0000      0.0004
    794.0000      0.0004
    795.0000      0.0004
    796.0000      0.0004
    797.0000      0.0004
    798.0000      0.0004
    799.0000      0.0004
    800.0000      0.0004
    801.0000      0.0004
    802.0000      0.0004
    803.0000      0.0004
    804.0000      0.0004
    805.0000      0.0004
    806.0000      0.0004
    807.0000      0.0004
    808.0000      0.0004
    809.0000      0.0004
    810.0000      0.0004
    811.0000      0.0004
    812.0000      0.0004
    813.0000      0.0004
    814.0000      0.0004
    815.0000      0.0004
    816.0000      0.0004
    817.0000      0.0004
    818.0000      0.0004
    819.0000      0.0004
    820.0000      0.0004
    821.0000      0.0004
    822.0000      0.0005
    823.0000      0.0005
    824.0000      0.0005
    825.0000      0.0005
    826.0000      0.0005
    827.0000      0.0005
    828.0000      0.0005
    829.0000      0.0005
    830.0000      0.0005
    831.0000      0.0005
    832.0000      0.0005
    833.0000      0.0005
    834.0000      0.0005
    835.0000      0.0005
    836.0000      0.0005
    837.0000      0.0005
    838.0000      0.0005
    839.0000      0.0005
    840.0000      0.0005
    841.0000      0.0005
    842.0000      0.0005
    843.0000      0.0005
    844.0000      0.0005
    845.0000      0.0005
    846.0000      0.0005
    847.0000      0.0005
    848.0000      0.0005
    849.0000      0.0005
    850.0000      0.0005
    851.0000      0.0005
    852.0000      0.0005
    853.0000      0.0005
    854.0000      0.0005
    855.0000      0.0005
    856.0000      0.0005
    857.0000      0.0005
    858.0000      0.0005
    859.0000      0.0005
    860.0000      0.0005
    861.0000      0.0005
    862.0000      0.0005
    863.0000      0.0005
    864.0000      0.0005
    865.0000      0.0005
    866.0000      0.0005
    867.0000      0.0005
    868.0000      0.0005
    869.0000      0.0005
    870.0000      0.0005
    871.0000      0.0005
    872.0000      0.0005
    873.0000      0.0005
    874.0000      0.0005
    875.0000      0.0005
    876.0000      0.0005
    877.0000      0.0005
    878.0000      0.0006
    879.0000      0.0006
    880.0000      0.0006
    881.0000      0.0006
    882.0000      0.0006
    883.0000      0.0006
    884.0000      0.0006
    885.0000      0.0006
    886.0000      0.0006
    887.0000      0.0006
    888.0000      0.0006
    889.0000      0.0006
    890.0000      0.0006
    891.0000      0.0006
    892.0000      0.0006
    893.0000      0.0006
    894.0000      0.0006
    895.0000      0.0006
    896.0000      0.0006
    897.0000      0.0006
    898.0000      0.0006
    899.0000      0.0006
    900.0000      0.0006
    901.0000      0.0006
    902.0000      0.0006
    903.0000      0.0006
    904.0000      0.0006
    905.0000      0.0006
    906.0000      0.0006
    907.0000      0.0006
    908.0000      0.0006
    909.0000      0.0006
    910.0000      0.0006
    911.0000      0.0006
    912.0000      0.0006
    913.0000      0.0006
    914.0000      0.0006
    915.0000      0.0006
    916.0000      0.0006
    917.0000      0.0006
    918.0000      0.0006
    919.0000      0.0006
    920.0000      0.0006
    921.0000      0.0007
    922.0000      0.0007
    923.0000      0.0007
    924.0000      0.0007
    925.0000      0.0007
    926.0000      0.0007
    927.0000      0.0007
    928.0000      0.0007
    929.0000      0.0007
    930.0000      0.0007
    931.0000      0.0007
    932.0000      0.0007
    933.0000      0.0007
    934.0000      0.0007
    935.0000      0.0007
    936.0000      0.0007
    937.0000      0.0007
    938.0000      0.0007
    939.0000      0.0007
    940.0000      0.0007
    941.0000      0.0007
    942.0000      0.0007
    943.0000      0.0007
    944.0000      0.0007
    945.0000      0.0007
    946.0000      0.0007
    947.0000      0.0007
    948.0000      0.0007
    949.0000      0.0007
    950.0000      0.0007
    951.0000      0.0007
    952.0000      0.0007
    953.0000      0.0007
    954.0000      0.0007
    955.0000      0.0008
    956.0000      0.0008
    957.0000      0.0008
    958.0000      0.0008
    959.0000      0.0008
    960.0000      0.0008
    961.0000      0.0008
    962.0000      0.0008
    963.0000      0.0008
    964.0000      0.0008
    965.0000      0.0008
    966.0000      0.0008
    967.0000      0.0008
    968.0000      0.0008
    969.0000      0.0008
    970.0000      0.0008
    971.0000      0.0008
    972.0000      0.0008
    973.0000      0.0008
    974.0000      0.0008
    975.0000      0.0008
    976.0000      0.0008
    977.0000      0.0008
    978.0000      0.0008
    979.0000      0.0008
    980.0000      0.0008
    981.0000      0.0008
    982.0000      0.0009
    983.0000      0.0009
    984.0000      0.0009
    985.0000      0.0009
    986.0000      0.0009
    987.0000      0.0009
    988.0000      0.0009
    989.0000      0.0009
    990.0000      0.0009
    991.0000      0.0009
    992.0000      0.0009
    993.0000      0.0009
    994.0000      0.0009
    995.0000      0.0009
    996.0000      0.0009
    997.0000      0.0009
    998.0000      0.0009
    999.0000      0.0009
   1000.0000      0.0009
   1001.0000      0.0009
   1002.0000      0.0009
   1003.0000      0.0009
   1004.0000      0.0009
   1005.0000      0.0009
   1006.0000      0.0010
   1007.0000      0.0010
   1008.0000      0.0010
   1009.0000      0.0010
   1010.0000      0.0010
   1011.0000      0.0010
   1012.0000      0.0010
   1013.0000      0.0010
   1014.0000      0.0010
   1015.0000      0.0010
   1016.0000      0.0010
   1017.0000      0.0010
   1018.0000      0.0010
   1019.0000      0.0010
   1020.0000      0.0010
   1021.0000      0.0010
   1022.0000      0.0010
   1023.0000      0.0010
   1024.0000      0.0010
   1025.0000      0.0011
   1026.0000      0.0011
   1027.0000      0.0011
   1028.0000      0.0011
   1029.0000      0.0011
   1030.0000      0.0011
   1031.0000      0.0011
   1032.0000      0.0011
   1033.0000      0.0011
   1034.0000      0.0011
   1035.0000      0.0011
   1036.0000      0.0011
   1037.0000      0.0011
   1038.0000      0.0011
   1039.0000      0.0011
   1040.0000      0.0011
   1041.0000      0.0011
   1042.0000      0.0012
   1043.0000      0.0012
   1044.0000      0.0012
   1045.0000      0.0012
   1046.0000      0.0012
   1047.0000      0.0012
   1048.0000      0.0012
   1049.0000      0.0012
   1050.0000      0.0012
   1051.0000      0.0012
   1052.0000      0.0012
   1053.0000      0.0012
   1054.0000      0.0012
   1055.0000      0.0012
   1056.0000      0.0012
   1057.0000      0.0013
   1058.0000      0.0013
   1059.0000      0.0013
   1060.0000      0.0013
   1061.0000      0.0013
   1062.0000      0.0013
   1063.0000      0.0013
   1064.0000      0.0013
   1065.0000      0.0013
   1066.0000      0.0013
   1067.0000      0.0013
   1068.0000      0.0013
   1069.0000      0.0013
   1070.0000      0.0013
   1071.0000      0.0014
   1072.0000      0.0014
   1073.0000      0.0014
   1074.0000      0.0014
   1075.0000      0.0014
   1076.0000      0.0014
   1077.0000      0.0014
   1078.0000      0.0014
   1079.0000      0.0014
   1080.0000      0.0014
   1081.0000      0.0014
   1082.0000      0.0014
   1083.0000      0.0015
   1084.0000      0.0015
   1085.0000      0.0015
   1086.0000      0.0015
   1087.0000      0.0015
   1088.0000      0.0015
   1089.0000      0.0015
   1090.0000      0.0015
   1091.0000      0.0015
   1092.0000      0.0015
   1093.0000      0.0016
   1094.0000      0.0016
   1095.0000      0.0016
   1096.0000      0.0016
   1097.0000      0.0016
   1098.0000      0.0016
   1099.0000      0.0016
   1100.0000      0.0016
   1101.0000      0.0016
   1102.0000      0.0016
   1103.0000      0.0017
   1104.0000      0.0017
   1105.0000      0.0017
   1106.0000      0.0017
   1107.0000      0.0017
   1108.0000      0.0017
   1109.0000      0.0017
   1110.0000      0.0017
   1111.0000      0.0017
   1112.0000      0.0018
   1113.0000      0.0018
   1114.0000      0.0018
   1115.0000      0.0018
   1116.0000      0.0018
   1117.0000      0.0018
   1118.0000      0.0018
   1119.0000      0.0018
   1120.0000      0.0019
   1121.0000      0.0019
   1122.0000      0.0019
   1123.0000      0.0019
   1124.0000      0.0019
   1125.0000      0.0019
   1126.0000      0.0019
   1127.0000      0.0019
   1128.0000      0.0020
   1129.0000      0.0020
   1130.0000      0.0020
   1131.0000      0.0020
   1132.0000      0.0020
   1133.0000      0.0020
   1134.0000      0.0020
   1135.0000      0.0021
   1136.0000      0.0021
   1137.0000      0.0021
   1138.0000      0.0021
   1139.0000      0.0021
   1140.0000      0.0021
   1141.0000      0.0022
   1142.0000      0.0022
   1143.0000      0.0022
   1144.0000      0.0022
   1145.0000      0.0022
   1146.0000      0.0022
   1147.0000      0.0023
   1148.0000      0.0023
   1149.0000      0.0023
   1150.0000      0.0023
   1151.0000      0.0023
   1152.0000      0.0023
   1153.0000      0.0024
   1154.0000      0.0024
   1155.0000      0.0024
   1156.0000      0.0024
   1157.0000      0.0024
   1158.0000      0.0025
   1159.0000      0.0025
   1160.0000      0.0025
   1161.0000      0.0025
   1162.0000      0.0025
   1163.0000      0.0026
   1164.0000      0.0026
   1165.0000      0.0026
   1166.0000      0.0026
   1167.0000      0.0026
   1168.0000      0.0027
   1169.0000      0.0027
   1170.0000      0.0027
   1171.0000      0.0027
   1172.0000      0.0028
   1173.0000      0.0028
   1174.0000      0.0028
   1175.0000      0.0028
   1176.0000      0.0028
   1177.0000      0.0029
   1178.0000      0.0029
   1179.0000      0.0029
   1180.0000      0.0029
   1181.0000      0.0030
   1182.0000      0.0030
   1183.0000      0.0030
   1184.0000      0.0031
   1185.0000      0.0031
   1186.0000      0.0031
   1187.0000      0.0031
   1188.0000      0.0032
   1189.0000      0.0032
   1190.0000      0.0032
   1191.0000      0.0033
   1192.0000      0.0033
   1193.0000      0.0033
   1194.0000      0.0033
   1195.0000      0.0034
   1196.0000      0.0034
   1197.0000      0.0034
   1198.0000      0.0035
   1199.0000      0.0035
   1200.0000      0.0035
   1201.0000      0.0036
   1202.0000      0.0036
   1203.0000      0.0036
   1204.0000      0.0037
   1205.0000      0.0037
   1206.0000      0.0037
   1207.0000      0.0038
   1208.0000      0.0038
   1209.0000      0.0039
   1210.0000      0.0039
   1211.0000      0.0039
   1212.0000      0.0040
   1213.0000      0.0040
   1214.0000      0.0041
   1215.0000      0.0041
   1216.0000      0.0041
   1217.0000      0.0042
   1218.0000      0.0042
   1219.0000      0.0043
   1220.0000      0.0043
   1221.0000      0.0044
   1222.0000      0.0044
   1223.0000      0.0045
   1224.0000      0.0045
   1225.0000      0.0046
   1226.0000      0.0046
   1227.0000      0.0047
   1228.0000      0.0047
   1229.0000      0.0048
   1230.0000      0.0048
   1231.0000      0.0049
   1232.0000      0.0049
   1233.0000      0.0050
   1234.0000      0.0050
   1235.0000      0.0051
   1236.0000      0.0052
   1237.0000      0.0052
   1238.0000      0.0053
   1239.0000      0.0053
   1240.0000      0.0054
   1241.0000      0.0055
   1242.0000      0.0055
   1243.0000      0.0056
   1244.0000      0.0057
   1245.0000      0.0057
   1246.0000      0.0058
   1247.0000      0.0059
   1248.0000      0.0059
   1249.0000      0.0060
   1250.0000      0.0061
   1251.0000      0.0062
   1252.0000      0.0063
   1253.0000      0.0063
   1254.0000      0.0064
   1255.0000      0.0065
   1256.0000      0.0066
   1257.0000      0.0067
   1258.0000      0.0068
   1259.0000      0.0068
   1260.0000      0.0069
   1261.0000      0.0070
   1262.0000      0.0071
   1263.0000      0.0072
   1264.0000      0.0073
   1265.0000      0.0074
   1266.0000      0.0075
   1267.0000      0.0076
   1268.0000      0.0077
   1269.0000      0.0079
   1270.0000      0.0080
   1271.0000      0.0081
   1272.0000      0.0082
   1273.0000      0.0083
   1274.0000      0.0084
   1275.0000      0.0086
   1276.0000      0.0087
   1277.0000      0.0088
   1278.0000      0.0090
   1279.0000      0.0091
   1280.0000      0.0092
   1281.0000      0.0094
   1282.0000      0.0095
   1283.0000      0.0097
   1284.0000      0.0098
   1285.0000      0.0100
   1286.0000      0.0102
   1287.0000      0.0103
   1288.0000      0.0105
   1289.0000      0.0107
   1290.0000      0.0108
   1291.0000      0.0110
   1292.0000      0.0112
   1293.0000      0.0114
   1294.0000      0.0116
   1295.0000      0.0118
   1296.0000      0.0120
   1297.0000      0.0122
   1298.0000      0.0124
   1299.0000      0.0127
   1300.0000      0.0129
   1301.0000      0.0131
   1302.0000      0.0134
   1303.0000      0.0136
   1304.0000      0.0139
   1305.0000      0.0141
   1306.0000      0.0144
   1307.0000      0.0147
   1308.0000      0.0150
   1309.0000      0.0153
   1310.0000      0.0156
   1311.0000      0.0159
   1312.0000      0.0162
   1313.0000      0.0166
   1314.0000      0.0169
   1315.0000      0.0173
   1316.0000      0.0176
   1317.0000      0.0180
   1318.0000      0.0184
   1319.0000      0.0188
   1320.0000      0.0192
   1321.0000      0.0197
   1322.0000      0.0201
   1323.0000      0.0206
   1324.0000      0.0211
   1325.0000      0.0216
   1326.0000      0.0221
   1327.0000      0.0226
   1328.0000      0.0232
   1329.0000      0.0237
   1330.0000      0.0243
   1331.0000      0.0249
   1332.0000      0.0256
   1333.0000      0.0262
   1334.0000      0.0269
   1335.0000      0.0276
   1336.0000      0.0284
   1337.0000      0.0292
   1338.0000      0.0300
   1339.0000      0.0308
   1340.0000      0.0317
   1341.0000      0.0326
   1342.0000      0.0336
   1343.0000      0.0346
   1344.0000      0.0356
   1345.0000      0.0367
   1346.0000      0.0378
   1347.0000      0.0390
   1348.0000      0.0403
   1349.0000      0.0416
   1350.0000      0.0430
   1351.0000      0.0444
   1352.0000      0.0459
   1353.0000      0.0475
   1354.0000      0.0492
   1355.0000      0.0510
   1356.0000      0.0528
   1357.0000      0.0548
   1358.0000      0.0569
   1359.0000      0.0591
   1360.0000      0.0614
   1361.0000      0.0639
   1362.0000      0.0665
   1363.0000      0.0693
   1364.0000      0.0722
   1365.0000      0.0754
   1366.0000      0.0787
   1367.0000      0.0823
   1368.0000      0.0861
   1369.0000      0.0902
   1370.0000      0.0945
   1371.0000      0.0992
   1372.0000      0.1043
   1373.0000      0.1097
   1374.0000      0.1155
   1375.0000      0.1218
   1376.0000      0.1286
   1377.0000      0.1360
   1378.0000      0.1441
   1379.0000      0.1528
   1380.0000      0.1623
   1381.0000      0.1727
   1382.0000      0.1841
   1383.0000      0.1966
   1384.0000      0.2103
   1385.0000      0.2254
   1386.0000      0.2422
   1387.0000      0.2607
   1388.0000      0.2813
   1389.0000      0.3042
   1390.0000      0.3297
   1391.0000      0.3583
   1392.0000      0.3903
   1393.0000      0.4262
   1394.0000      0.4666
   1395.0000      0.5120
   1396.0000      0.5631
   1397.0000      0.6204
   1398.0000      0.6847
   1399.0000      0.7562
   1400.0000      0.8352
   1401.0000      0.9216
   1402.0000      1.0143
   1403.0000      1.1114
   1404.0000      1.2099
   1405.0000      1.3052
   1406.0000      1.3915
   1407.0000      1.4624
   1408.0000      1.5117
   1409.0000      1.5345
   1410.0000      1.5287
   1411.0000      1.4950
   1412.0000      1.4369
   1413.0000      1.3599
   1414.0000      1.2703
   1415.0000      1.1740
   1416.0000      1.0764
   1417.0000      0.9812
   1418.0000      0.8910
   1419.0000      0.8075
   1420.0000      0.7312
   1421.0000      0.6623
   1422.0000      0.6006
   1423.0000      0.5455
   1424.0000      0.4964
   1425.0000      0.4527
   1426.0000      0.4139
   1427.0000      0.3793
   1428.0000      0.3485
   1429.0000      0.3209
   1430.0000      0.2963
   1431.0000      0.2742
   1432.0000      0.2543
   1433.0000      0.2364
   1434.0000      0.2202
   1435.0000      0.2056
   1436.0000      0.1923
   1437.0000      0.1802
   1438.0000      0.1691
   1439.0000      0.1590
   1440.0000      0.1498
   1441.0000      0.1413
   1442.0000      0.1335
   1443.0000      0.1263
   1444.0000      0.1197
   1445.0000      0.1135
   1446.0000      0.1078
   1447.0000      0.1025
   1448.0000      0.0976
   1449.0000      0.0930
   1450.0000      0.0888
   1451.0000      0.0848
   1452.0000      0.0810
   1453.0000      0.0776
   1454.0000      0.0743
   1455.0000      0.0712
   1456.0000      0.0683
   1457.0000      0.0656
   1458.0000      0.0630
   1459.0000      0.0606
   1460.0000      0.0583
   1461.0000      0.0562
   1462.0000      0.0541
   1463.0000      0.0522
   1464.0000      0.0504
   1465.0000      0.0486
   1466.0000      0.0470
   1467.0000      0.0454
   1468.0000      0.0439
   1469.0000      0.0425
   1470.0000      0.0411
   1471.0000      0.0398
   1472.0000      0.0386
   1473.0000      0.0374
   1474.0000      0.0363
   1475.0000      0.0352
   1476.0000      0.0342
   1477.0000      0.0332
   1478.0000      0.0323
   1479.0000      0.0314
   1480.0000      0.0305
   1481.0000      0.0297
   1482.0000      0.0289
   1483.0000      0.0281
   1484.0000      0.0274
   1485.0000      0.0267
   1486.0000      0.0260
   1487.0000      0.0254
   1488.0000      0.0247
   1489.0000      0.0241
   1490.0000      0.0235
   1491.0000      0.0230
   1492.0000      0.0224
   1493.0000      0.0219
   1494.0000      0.0214
   1495.0000      0.0209
   1496.0000      0.0204
   1497.0000      0.0200
   1498.0000      0.0195
   1499.0000      0.0191
   1500.0000      0.0187
   1501.0000      0.0183
   1502.0000      0.0179
   1503.0000      0.0175
   1504.0000      0.0172
   1505.0000      0.0168
   1506.0000      0.0165
   1507.0000      0.0161
   1508.0000      0.0158
   1509.0000      0.0155
   1510.0000      0.0152
   1511.0000      0.0149
   1512.0000      0.0146
   1513.0000      0.0143
   1514.0000      0.0141
   1515.0000      0.0138
   1516.0000      0.0135
   1517.0000      0.0133
   1518.0000      0.0131
   1519.0000      0.0128
   1520.0000      0.0126
   1521.0000      0.0124
   1522.0000      0.0121
   1523.0000      0.0119
   1524.0000      0.0117
   1525.0000      0.0115
   1526.0000      0.0113
   1527.0000      0.0111
   1528.0000      0.0110
   1529.0000      0.0108
   1530.0000      0.0106
   1531.0000      0.0104
   1532.0000      0.0103
   1533.0000      0.0101
   1534.0000      0.0099
   1535.0000      0.0098
   1536.0000      0.0096
   1537.0000      0.0095
   1538.0000      0.0093
   1539.0000      0.0092
   1540.0000      0.0090
   1541.0000      0.0089
   1542.0000      0.0088
   1543.0000      0.0086
   1544.0000      0.0085
   1545.0000      0.0084
   1546.0000      0.0083
   1547.0000      0.0082
   1548.0000      0.0080
   1549.0000      0.0079
   1550.0000      0.0078
   1551.0000      0.0077
   1552.0000      0.0076
   1553.0000      0.0075
   1554.0000      0.0074
   1555.0000      0.0073
   1556.0000      0.0072
   1557.0000      0.0071
   1558.0000      0.0070
   1559.0000      0.0069
   1560.0000      0.0068
   1561.0000      0.0067
   1562.0000      0.0066
   1563.0000      0.0066
   1564.0000      0.0065
   1565.0000      0.0064
   1566.0000      0.0063
   1567.0000      0.0062
   1568.0000      0.0061
   1569.0000      0.0061
   1570.0000      0.0060
   1571.0000      0.0059
   1572.0000      0.0059
   1573.0000      0.0058
   1574.0000      0.0057
   1575.0000      0.0056
   1576.0000      0.0056
   1577.0000      0.0055
   1578.0000      0.0054
   1579.0000      0.0054
   1580.0000      0.0053
   1581.0000      0.0053
   1582.0000      0.0052
   1583.0000      0.0051
   1584.0000      0.0051
   1585.0000      0.0050
   1586.0000      0.0050
   1587.0000      0.0049
   1588.0000      0.0049
   1589.0000      0.0048
   1590.0000      0.0047
   1591.0000      0.0047
   1592.0000      0.0046
   1593.0000      0.0046
   1594.0000      0.0045
   1595.0000      0.0045
   1596.0000      0.0044
   1597.0000      0.0044
   1598.0000      0.0044
   1599.0000      0.0043
   1600.0000      0.0043
   1601.0000      0.0042
   1602.0000      0.0042
   1603.0000      0.0041
   1604.0000      0.0041
   1605.0000      0.0040
   1606.0000      0.0040
   1607.0000      0.0040
   1608.0000      0.0039
   1609.0000      0.0039
   1610.0000      0.0038
   1611.0000      0.0038
   1612.0000      0.0038
   1613.0000      0.0037
   1614.0000      0.0037
   1615.0000      0.0037
   1616.0000      0.0036
   1617.0000      0.0036
   1618.0000      0.0036
   1619.0000      0.0035
   1620.0000      0.0035
   1621.0000      0.0035
   1622.0000      0.0034
   1623.0000      0.0034
   1624.0000      0.0034
   1625.0000      0.0033
   1626.0000      0.0033
   1627.0000      0.0033
   1628.0000      0.0032
   1629.0000      0.0032
   1630.0000      0.0032
   1631.0000      0.0032
   1632.0000      0.0031
   1633.0000      0.0031
   1634.0000      0.0031
   1635.0000      0.0030
   1636.0000      0.0030
   1637.0000      0.0030
   1638.0000      0.0030
   1639.0000      0.0029
   1640.0000      0.0029
   1641.0000      0.0029
   1642.0000      0.0029
   1643.0000      0.0028
   1644.0000      0.0028
   1645.0000      0.0028
   1646.0000      0.0028
   1647.0000      0.0027
   1648.0000      0.0027
   1649.0000      0.0027
   1650.0000      0.0027
   1651.0000      0.0027
   1652.0000      0.0026
   1653.0000      0.0026
   1654.0000      0.0026
   1655.0000      0.0026
   1656.0000      0.0025
   1657.0000      0.0025
   1658.0000      0.0025
   1659.0000      0.0025
   1660.0000      0.0025
   1661.0000      0.0024
   1662.0000      0.0024
   1663.0000      0.0024
   1664.0000      0.0024
   1665.0000      0.0024
   1666.0000      0.0024
   1667.0000      0.0023
   1668.0000      0.0023
   1669.0000      0.0023
   1670.0000      0.0023
   1671.0000      0.0023
   1672.0000      0.0022
   1673.0000      0.0022
   1674.0000      0.0022
   1675.0000      0.0022
   1676.0000      0.0022
   1677.0000      0.0022
   1678.0000      0.0021
   1679.0000      0.0021
   1680.0000      0.0021
   1681.0000      0.0021
   1682.0000      0.0021
   1683.0000      0.0021
   1684.0000      0.0021
   1685.0000      0.0020
   1686.0000      0.0020
   1687.0000      0.0020
   1688.0000      0.0020
   1689.0000      0.0020
   1690.0000      0.0020
   1691.0000      0.0020
   1692.0000      0.0019
   1693.0000      0.0019
   1694.0000      0.0019
   1695.0000      0.0019
   1696.0000      0.0019
   1697.0000      0.0019
   1698.0000      0.0019
   1699.0000      0.0018
   1700.0000      0.0018
   1701.0000      0.0018
   1702.0000      0.0018
   1703.0000      0.0018
   1704.0000      0.0018
   1705.0000      0.0018
   1706.0000      0.0018
   1707.0000      0.0018
   1708.0000      0.0017
   1709.0000      0.0017
   1710.0000      0.0017
   1711.0000      0.0017
   1712.0000      0.0017
   1713.0000      0.0017
   1714.0000      0.0017
   1715.0000      0.0017
   1716.0000      0.0017
   1717.0000      0.0016
   1718.0000      0.0016
   1719.0000      0.0016
   1720.0000      0.0016
   1721.0000      0.0016
   1722.0000      0.0016
   1723.0000      0.0016
   1724.0000      0.0016
   1725.0000      0.0016
   1726.0000      0.0015
   1727.0000      0.0015
   1728.0000      0.0015
   1729.0000      0.0015
   1730.0000      0.0015
   1731.0000      0.0015
   1732.0000      0.0015
   1733.0000      0.0015
   1734.0000      0.0015
   1735.0000      0.0015
   1736.0000      0.0015
   1737.0000      0.0014
   1738.0000      0.0014
   1739.0000      0.0014
   1740.0000      0.0014
   1741.0000      0.0014
   1742.0000      0.0014
   1743.0000      0.0014
   1744.0000      0.0014
   1745.0000      0.0014
   1746.0000      0.0014
   1747.0000      0.0014
   1748.0000      0.0014
   1749.0000      0.0013
   1750.0000      0.0013
   1751.0000      0.0013
   1752.0000      0.0013
   1753.0000      0.0013
   1754.0000      0.0013
   1755.0000      0.0013
   1756.0000      0.0013
   1757.0000      0.0013
   1758.0000      0.0013
   1759.0000      0.0013
   1760.0000      0.0013
   1761.0000      0.0013
   1762.0000      0.0012
   1763.0000      0.0012
   1764.0000      0.0012
   1765.0000      0.0012
   1766.0000      0.0012
   1767.0000      0.0012
   1768.0000      0.0012
   1769.0000      0.0012
   1770.0000      0.0012
   1771.0000      0.0012
   1772.0000      0.0012
   1773.0000      0.0012
   1774.0000      0.0012
   1775.0000      0.0012
   1776.0000      0.0012
   1777.0000      0.0011
   1778.0000      0.0011
   1779.0000      0.0011
   1780.0000      0.0011
   1781.0000      0.0011
   1782.0000      0.0011
   1783.0000      0.0011
   1784.0000      0.0011
   1785.0000      0.0011
   1786.0000      0.0011
   1787.0000      0.0011
   1788.0000      0.0011
   1789.0000      0.0011
   1790.0000      0.0011
   1791.0000      0.0011
   1792.0000      0.0011
   1793.0000      0.0011
   1794.0000      0.0010
   1795.0000      0.0010
   1796.0000      0.0010
   1797.0000      0.0010
   1798.0000      0.0010
   1799.0000      0.0010
   1800.0000      0.0010
   1801.0000      0.0010
   1802.0000      0.0010
   1803.0000      0.0010
   1804.0000      0.0010
   1805.0000      0.0010
   1806.0000      0.0010
   1807.0000      0.0010
   1808.0000      0.0010
   1809.0000      0.0010
   1810.0000      0.0010
   1811.0000      0.0010
   1812.0000      0.0010
   1813.0000      0.0010
   1814.0000      0.0009
   1815.0000      0.0009
   1816.0000      0.0009
   1817.0000      0.0009
   1818.0000      0.0009
   1819.0000      0.0009
   1820.0000      0.0009
   1821.0000      0.0009
   1822.0000      0.0009
   1823.0000      0.0009
   1824.0000      0.0009
   1825.0000      0.0009
   1826.0000      0.0009
   1827.0000      0.0009
   1828.0000      0.0009
   1829.0000      0.0009
   1830.0000      0.0009
   1831.0000      0.0009
   1832.0000      0.0009
   1833.0000      0.0009
   1834.0000      0.0009
   1835.0000      0.0009
   1836.0000      0.0009
   1837.0000      0.0008
   1838.0000      0.0008
   1839.0000      0.0008
   1840.0000      0.0008
   1841.0000      0.0008
   1842.0000      0.0008
   1843.0000      0.0008
   1844.0000      0.0008
   1845.0000      0.0008
   1846.0000      0.0008
   1847.0000      0.0008
   1848.0000      0.0008
   1849.0000      0.0008
   1850.0000      0.0008
   1851.0000      0.0008
   1852.0000      0.0008
   1853.0000      0.0008
   1854.0000      0.0008
   1855.0000      0.0008
   1856.0000      0.0008
   1857.0000      0.0008
   1858.0000      0.0008
   1859.0000      0.0008
   1860.0000      0.0008
   1861.0000      0.0008
   1862.0000      0.0008
   1863.0000      0.0008
   1864.0000      0.0008
   1865.0000      0.0007
   1866.0000      0.0007
   1867.0000      0.0007
   1868.0000      0.0007
   1869.0000      0.0007
   1870.0000      0.0007
   1871.0000      0.0007
   1872.0000      0.0007
   1873.0000      0.0007
   1874.0000      0.0007
   1875.0000      0.0007
   1876.0000      0.0007
   1877.0000      0.0007
   1878.0000      0.0007
   1879.0000      0.0007
   1880.0000      0.0007
   1881.0000      0.0007
   1882.0000      0.0007
   1883.0000      0.0007
   1884.0000      0.0007
   1885.0000      0.0007
   1886.0000      0.0007
   1887.0000      0.0007
   1888.0000      0.0007
   1889.0000      0.0007
   1890.0000      0.0007
   1891.0000      0.0007
   1892.0000      0.0007
   1893.0000      0.0007
   1894.0000      0.0007
   1895.0000      0.0007
   1896.0000      0.0007
   1897.0000      0.0007
   1898.0000      0.0007
   1899.0000      0.0006
   1900.0000      0.0006
   1901.0000      0.0006
   1902.0000      0.0006
   1903.0000      0.0006
   1904.0000      0.0006
   1905.0000      0.0006
   1906.0000      0.0006
   1907.0000      0.0006
   1908.0000      0.0006
   1909.0000      0.0006
   1910.0000      0.0006
   1911.0000      0.0006
   1912.0000      0.0006
   1913.0000      0.0006
   1914.0000      0.0006
   1915.0000      0.0006
   1916.0000      0.0006
   1917.0000      0.0006
   1918.0000      0.0006
   1919.0000      0.0006
   1920.0000      0.0006
   1921.0000      0.0006
   1922.0000      0.0006
   1923.0000      0.0006
   1924.0000      0.0006
   1925.0000      0.0006
   1926.0000      0.0006
   1927.0000      0.0006
   1928.0000      0.0006
   1929.0000      0.0006
   1930.0000      0.0006
   1931.0000      0.0006
   1932.0000      0.0006
   1933.0000      0.0006
   1934.0000      0.0006
   1935.0000      0.0006
   1936.0000      0.0006
   1937.0000      0.0006
   1938.0000      0.0006
   1939.0000      0.0006
   1940.0000      0.0006
   1941.0000      0.0005
   1942.0000      0.0005
   1943.0000      0.0005
   1944.0000      0.0005
   1945.0000      0.0005
   1946.0000      0.0005
   1947.0000      0.0005
   1948.0000      0.0005
   1949.0000      0.0005
   1950.0000      0.0005
   1951.0000      0.0005
   1952.0000      0.0005
   1953.0000      0.0005
   1954.0000      0.0005
   1955.0000      0.0005
   1956.0000      0.0005
   1957.0000      0.0005
   1958.0000      0.0005
   1959.0000      0.0005
   1960.0000      0.0005
   1961.0000      0.0005
   1962.0000      0.0005
   1963.0000      0.0005
   1964.0000      0.0005
   1965.0000      0.0005
   1966.0000      0.0005
   1967.0000      0.0005
   1968.0000      0.0005
   1969.0000      0.0005
   1970.0000      0.0005
   1971.0000      0.0005
   1972.0000      0.0005
   1973.0000      0.0005
   1974.0000      0.0005
   1975.0000      0.0005
   1976.0000      0.0005
   1977.0000      0.0005
   1978.0000      0.0005
   1979.0000      0.0005
   1980.0000      0.0005
   1981.0000      0.0005
   1982.0000      0.0005
   1983.0000      0.0005
   1984.0000      0.0005
   1985.0000      0.0005
   1986.0000      0.0005
   1987.0000      0.0005
   1988.0000      0.0005
   1989.0000      0.0005
   1990.0000      0.0005
   1991.0000      0.0005
   1992.0000      0.0005
   1993.0000      0.0005
   1994.0000      0.0005
   1995.0000      0.0005
   1996.0000      0.0005
   1997.0000      0.0004
   1998.0000      0.0004
   1999.0000      0.0004
   2000.0000      0.0004
   2001.0000      0.0004
   2002.0000      0.0004
   2003.0000      0.0004
   2004.0000      0.0004
   2005.0000      0.0004
   2006.0000      0.0004
   2007.0000      0.0004
   2008.0000      0.0004
   2009.0000      0.0004
   2010.0000      0.0004
   2011.0000      0.0004
   2012.0000      0.0004
   2013.0000      0.0004
   2014.0000      0.0004
   2015.0000      0.0004
   2016.0000      0.0004
   2017.0000      0.0004
   2018.0000      0.0004
   2019.0000      0.0004
   2020.0000      0.0004
   2021.0000      0.0004
   2022.0000      0.0004
   2023.0000      0.0004
   2024.0000      0.0004
   2025.0000      0.0004
   2026.0000      0.0004
   2027.0000      0.0004
   2028.0000      0.0004
   2029.0000      0.0004
   2030.0000      0.0004
   2031.0000      0.0004
   2032.0000      0.0004
   2033.0000      0.0004
   2034.0000      0.0004
   2035.0000      0.0004
   2036.0000      0.0004
   2037.0000      0.0004
   2038.0000      0.0004
   2039.0000      0.0004
   2040.0000      0.0004
   2041.0000      0.0004
   2042.0000      0.0004
   2043.0000      0.0004
   2044.0000      0.0004
   2045.0000      0.0004
   2046.0000      0.0004
   2047.0000      0.0004
   2048.0000      0.0004
   2049.0000      0.0004
   2050.0000      0.0004
   2051.0000      0.0004
   2052.0000      0.0004
   2053.0000      0.0004
   2054.0000      0.0004
   2055.0000      0.0004
   2056.0000      0.0004
   2057.0000      0.0004
   2058.0000      0.0004
   2059.0000      0.0004
   2060.0000      0.0004
   2061.0000      0.0004
   2062.0000      0.0004
   2063.0000      0.0004
   2064.0000      0.0004
   2065.0000      0.0004
   2066.0000      0.0004
   2067.0000      0.0004
   2068.0000      0.0004
   2069.0000      0.0004
   2070.0000      0.0004
   2071.0000      0.0004
   2072.0000      0.0004
   2073.0000      0.0004
   2074.0000      0.0004
   2075.0000      0.0004
   2076.0000      0.0003
   2077.0000      0.0003
   2078.0000      0.0003
   2079.0000      0.0003
   2080.0000      0.0003
   2081.0000      0.0003
   2082.0000      0.0003
   2083.0000      0.0003
   2084.0000      0.0003
   2085.0000      0.0003
   2086.0000      0.0003
   2087.0000      0.0003
   2088.0000      0.0003
   2089.0000      0.0003
   2090.0000      0.0003
   2091.0000      0.0003
   2092.0000      0.0003
   2093.0000      0.0003
   2094.0000      0.0003
   2095.0000      0.0003
   2096.0000      0.0003
   2097.0000      0.0003
   2098.0000      0.0003
   2099.0000      0.0003
   2100.0000      0.0003
   2101.0000      0.0003
   2102.0000      0.0003
   2103.0000      0.0003
   2104.0000      0.0003
   2105.0000      0.0003
   2106.0000      0.0003
   2107.0000      0.0003
   2108.0000      0.0003
   2109.0000      0.0003
   2110.0000      0.0003
   2111.0000      0.0003
   2112.0000      0.0003
   2113.0000      0.0003
   2114.0000      0.0003
   2115.0000      0.0003
   2116.0000      0.0003
   2117.0000      0.0003
   2118.0000      0.0003
   2119.0000      0.0003
   2120.0000      0.0003
   2121.0000      0.0003
   2122.0000      0.0003
   2123.0000      0.0003
   2124.0000      0.0003
   2125.0000      0.0003
   2126.0000      0.0003
   2127.0000      0.0003
   2128.0000      0.0003
   2129.0000      0.0003
   2130.0000      0.0003
   2131.0000      0.0003
   2132.0000      0.0003
   2133.0000      0.0003
   2134.0000      0.0003
   2135.0000      0.0003
   2136.0000      0.0003
   2137.0000      0.0003
   2138.0000      0.0003
   2139.0000      0.0003
   2140.0000      0.0003
   2141.0000      0.0003
   2142.0000      0.0003
   2143.0000      0.0003
   2144.0000      0.0003
   2145.0000      0.0003
   2146.0000      0.0003
   2147.0000      0.0003
   2148.0000      0.0003
   2149.0000      0.0008
   2150.0000      0.0008
   2151.0000      0.0008
   2152.0000      0.0008
   2153.0000      0.0008
   2154.0000      0.0008
   2155.0000      0.0008
   2156.0000      0.0008
   2157.0000      0.0008
   2158.0000      0.0008
   2159.0000      0.0008
   2160.0000      0.0008
   2161.0000      0.0008
   2162.0000      0.0008
   2163.0000      0.0008
   2164.0000      0.0008
   2165.0000      0.0008
   2166.0000      0.0008
   2167.0000      0.0008
   2168.0000      0.0008
   2169.0000      0.0008
   2170.0000      0.0008
   2171.0000      0.0008
   2172.0000      0.0008
   2173.0000      0.0008
   2174.0000      0.0008
   2175.0000      0.0008
   2176.0000      0.0008
   2177.0000      0.0008
   2178.0000      0.0008
   2179.0000      0.0008
   2180.0000      0.0008
   2181.0000      0.0008
   2182.0000      0.0008
   2183.0000      0.0008
   2184.0000      0.0008
   2185.0000      0.0008
   2186.0000      0.0008
   2187.0000      0.0008
   2188.0000      0.0008
   2189.0000      0.0008
   2190.0000      0.0008
   2191.0000      0.0008
   2192.0000      0.0008
   2193.0000      0.0008
   2194.0000      0.0008
   2195.0000      0.0008
   2196.0000      0.0008
   2197.0000      0.0008
   2198.0000      0.0008
   2199.0000      0.0008
   2200.0000      0.0008
   2201.0000      0.0008
   2202.0000      0.0008
   2203.0000      0.0008
   2204.0000      0.0008
   2205.0000      0.0008
   2206.0000      0.0008
   2207.0000      0.0008
   2208.0000      0.0008
   2209.0000      0.0008
   2210.0000      0.0008
   2211.0000      0.0008
   2212.0000      0.0008
   2213.0000      0.0008
   2214.0000      0.0008
   2215.0000      0.0008
   2216.0000      0.0008
   2217.0000      0.0008
   2218.0000      0.0008
   2219.0000      0.0008
   2220.0000      0.0008
   2221.0000      0.0008
   2222.0000      0.0008
   2223.0000      0.0008
   2224.0000      0.0008
   2225.0000      0.0008
   2226.0000      0.0008
   2227.0000      0.0008
   2228.0000      0.0008
   2229.0000      0.0008
   2230.0000      0.0008
   2231.0000      0.0008
   2232.0000      0.0008
   2233.0000      0.0008
   2234.0000      0.0008
   2235.0000      0.0008
   2236.0000      0.0008
   2237.0000      0.0008
   2238.0000      0.0008
   2239.0000      0.0008
   2240.0000      0.0008
   2241.0000      0.0008
   2242.0000      0.0008
   2243.0000      0.0008
   2244.0000      0.0008
   2245.0000      0.0008
   2246.0000      0.0008
   2247.0000      0.0008
   2248.0000      0.0008
   2249.0000      0.0008
   2250.0000      0.0008
   2251.0000      0.0008
   2252.0000      0.0008
   2253.0000      0.0008
   2254.0000      0.0008
   2255.0000      0.0008
   2256.0000      0.0008
   2257.0000      0.0008
   2258.0000      0.0008
   2259.0000      0.0008
   2260.0000      0.0008
   2261.0000      0.0008
   2262.0000      0.0008
   2263.0000      0.0008
   2264.0000      0.0008
   2265.0000      0.0008
   2266.0000      0.0008
   2267.0000      0.0008
   2268.0000      0.0008
   2269.0000      0.0008
   2270.0000      0.0008
   2271.0000      0.0008
   2272.0000      0.0008
   2273.0000      0.0008
   2274.0000      0.0009
   2275.0000      0.0009
   2276.0000      0.0009
   2277.0000      0.0009
   2278.0000      0.0009
   2279.0000      0.0009
   2280.0000      0.0009
   2281.0000      0.0009
   2282.0000      0.0009
   2283.0000      0.0009
   2284.0000      0.0009
   2285.0000      0.0009
   2286.0000      0.0009
   2287.0000      0.0009
   2288.0000      0.0009
   2289.0000      0.0009
   2290.0000      0.0009
   2291.0000      0.0009
   2292.0000      0.0009
   2293.0000      0.0009
   2294.0000      0.0009
   2295.0000      0.0009
   2296.0000      0.0009
   2297.0000      0.0009
   2298.0000      0.0009
   2299.0000      0.0009
   2300.0000      0.0009
   2301.0000      0.0009
   2302.0000      0.0009
   2303.0000      0.0009
   2304.0000      0.0009
   2305.0000      0.0009
   2306.0000      0.0009
   2307.0000      0.0009
   2308.0000      0.0009
   2309.0000      0.0009
   2310.0000      0.0009
   2311.0000      0.0009
   2312.0000      0.0009
   2313.0000      0.0009
   2314.0000      0.0009
   2315.0000      0.0009
   2316.0000      0.0009
   2317.0000      0.0009
   2318.0000      0.0009
   2319.0000      0.0009
   2320.0000      0.0009
   2321.0000      0.0009
   2322.0000      0.0009
   2323.0000      0.0009
   2324.0000      0.0009
   2325.0000      0.0009
   2326.0000      0.0009
   2327.0000      0.0009
   2328.0000      0.0009
   2329.0000      0.0009
   2330.0000      0.0009
   2331.0000      0.0009
   2332.0000      0.0009
   2333.0000      0.0009
   2334.0000      0.0009
   2335.0000      0.0009
   2336.0000      0.0009
   2337.0000      0.0009
   2338.0000      0.0009
   2339.0000      0.0009
   2340.0000      0.0009
   2341.0000      0.0009
   2342.0000      0.0009
   2343.0000      0.0009
   2344.0000      0.0009
   2345.0000      0.0009
   2346.0000      0.0009
   2347.0000      0.0009
   2348.0000      0.0009
   2349.0000      0.0009
   2350.0000      0.0009
   2351.0000      0.0009
   2352.0000      0.0009
   2353.0000      0.0010
   2354.0000      0.0010
   2355.0000      0.0010
   2356.0000      0.0010
   2357.0000      0.0010
   2358.0000      0.0010
   2359.0000      0.0010
   2360.0000      0.0010
   2361.0000      0.0010
   2362.0000      0.0010
   2363.0000      0.0010
   2364.0000      0.0010
   2365.0000      0.0010
   2366.0000      0.0010
   2367.0000      0.0010
   2368.0000      0.0010
   2369.0000      0.0010
   2370.0000      0.0010
   2371.0000      0.0010
   2372.0000      0.0010
   2373.0000      0.0010
   2374.0000      0.0010
   2375.0000      0.0010
   2376.0000      0.0010
   2377.0000      0.0010
   2378.0000      0.0010
   2379.0000      0.0010
   2380.0000      0.0010
   2381.0000      0.0010
   2382.0000      0.0010
   2383.0000      0.0010
   2384.0000      0.0010
   2385.0000      0.0010
   2386.0000      0.0010
   2387.0000      0.0010
   2388.0000      0.0010
   2389.0000      0.0010
   2390.0000      0.0010
   2391.0000      0.0010
   2392.0000      0.0010
   2393.0000      0.0010
   2394.0000      0.0010
   2395.0000      0.0010
   2396.0000      0.0010
   2397.0000      0.0010
   2398.0000      0.0010
   2399.0000      0.0010
   2400.0000      0.0010
   2401.0000      0.0010
   2402.0000      0.0010
   2403.0000      0.0010
   2404.0000      0.0010
   2405.0000      0.0010
   2406.0000      0.0010
   2407.0000      0.0010
   2408.0000      0.0011
   2409.0000      0.0009
   2410.0000      0.0009
   2411.0000      0.0009
   2412.0000      0.0009
   2413.0000      0.0009
   2414.0000      0.0009
   2415.0000      0.0009
   2416.0000      0.0009
   2417.0000      0.0009
   2418.0000      0.0009
   2419.0000      0.0009
   2420.0000      0.0009
   2421.0000      0.0009
   2422.0000      0.0009
   2423.0000      0.0009
   2424.0000      0.0009
   2425.0000      0.0009
   2426.0000      0.0009
   2427.0000      0.0009
   2428.0000      0.0009
   2429.0000      0.0009
   2430.0000      0.0010
   2431.0000      0.0010
   2432.0000      0.0010
   2433.0000      0.0010
   2434.0000      0.0010
   2435.0000      0.0010
   2436.0000      0.0010
   2437.0000      0.0010
   2438.0000      0.0010
   2439.0000      0.0010
   2440.0000      0.0010
   2441.0000      0.0010
   2442.0000      0.0010
   2443.0000      0.0010
   2444.0000      0.0010
   2445.0000      0.0010
   2446.0000      0.0010
   2447.0000      0.0010
   2448.0000      0.0010
   2449.0000      0.0010
   2450.0000      0.0010
   2451.0000      0.0010
   2452.0000      0.0010
   2453.0000      0.0010
   2454.0000      0.0010
   2455.0000      0.0010
   2456.0000      0.0010
   2457.0000      0.0010
   2458.0000      0.0010
   2459.0000      0.0010
   2460.0000      0.0010
   2461.0000      0.0010
   2462.0000      0.0010
   2463.0000      0.0010
   2464.0000      0.0010
   2465.0000      0.0011
   2466.0000      0.0011
   2467.0000      0.0011
   2468.0000      0.0011
   2469.0000      0.0011
   2470.0000      0.0011
   2471.0000      0.0011
   2472.0000      0.0011
   2473.0000      0.0011
   2474.0000      0.0011
   2475.0000      0.0011
   2476.0000      0.0011
   2477.0000      0.0011
   2478.0000      0.0011
   2479.0000      0.0011
   2480.0000      0.0011
   2481.0000      0.0011
   2482.0000      0.0011
   2483.0000      0.0011
   2484.0000      0.0011
   2485.0000      0.0011
   2486.0000      0.0011
   2487.0000      0.0011
   2488.0000      0.0011
   2489.0000      0.0011
   2490.0000      0.0011
   2491.0000      0.0011
   2492.0000      0.0011
   2493.0000      0.0011
   2494.0000      0.0011
   2495.0000      0.0012
   2496.0000      0.0012
   2497.0000      0.0012
   2498.0000      0.0012
   2499.0000      0.0012
   2500.0000      0.0012
   2501.0000      0.0012
   2502.0000      0.0012
   2503.0000      0.0012
   2504.0000      0.0012
   2505.0000      0.0012
   2506.0000      0.0012
   2507.0000      0.0012
   2508.0000      0.0012
   2509.0000      0.0012
   2510.0000      0.0012
   2511.0000      0.0012
   2512.0000      0.0012
   2513.0000      0.0012
   2514.0000      0.0012
   2515.0000      0.0012
   2516.0000      0.0012
   2517.0000      0.0012
   2518.0000      0.0012
   2519.0000      0.0012
   2520.0000      0.0012
   2521.0000      0.0012
   2522.0000      0.0013
   2523.0000      0.0013
   2524.0000      0.0013
   2525.0000      0.0013
   2526.0000      0.0013
   2527.0000      0.0013
   2528.0000      0.0013
   2529.0000      0.0013
   2530.0000      0.0013
   2531.0000      0.0013
   2532.0000      0.0013
   2533.0000      0.0013
   2534.0000      0.0013
   2535.0000      0.0013
   2536.0000      0.0013
   2537.0000      0.0013
   2538.0000      0.0013
   2539.0000      0.0013
   2540.0000      0.0013
   2541.0000      0.0013
   2542.0000      0.0013
   2543.0000      0.0013
   2544.0000      0.0013
   2545.0000      0.0013
   2546.0000      0.0014
   2547.0000      0.0014
   2548.0000      0.0014
   2549.0000      0.0014
   2550.0000      0.0014
   2551.0000      0.0014
   2552.0000      0.0014
   2553.0000      0.0014
   2554.0000      0.0014
   2555.0000      0.0014
   2556.0000      0.0014
   2557.0000      0.0014
   2558.0000      0.0014
   2559.0000      0.0014
   2560.0000      0.0014
   2561.0000      0.0014
   2562.0000      0.0014
   2563.0000      0.0014
   2564.0000      0.0014
   2565.0000      0.0014
   2566.0000      0.0014
   2567.0000      0.0015
   2568.0000      0.0015
   2569.0000      0.0015
   2570.0000      0.0015
   2571.0000      0.0015
   2572.0000      0.0015
   2573.0000      0.0015
   2574.0000      0.0015
   2575.0000      0.0015
   2576.0000      0.0015
   2577.0000      0.0015
   2578.0000      0.0015
   2579.0000      0.0015
   2580.0000      0.0015
   2581.0000      0.0015
   2582.0000      0.0015
   2583.0000      0.0015
   2584.0000      0.0015
   2585.0000      0.0015
   2586.0000      0.0016
   2587.0000      0.0016
   2588.0000      0.0016
   2589.0000      0.0016
   2590.0000      0.0016
   2591.0000      0.0016
   2592.0000      0.0016
   2593.0000      0.0016
   2594.0000      0.0016
   2595.0000      0.0016
   2596.0000      0.0016
   2597.0000      0.0016
   2598.0000      0.0016
   2599.0000      0.0016
   2600.0000      0.0016
   2601.0000      0.0016
   2602.0000      0.0016
   2603.0000      0.0017
   2604.0000      0.0017
   2605.0000      0.0017
   2606.0000      0.0017
   2607.0000      0.0017
   2608.0000      0.0017
   2609.0000      0.0017
   2610.0000      0.0017
   2611.0000      0.0017
   2612.0000      0.0017
   2613.0000      0.0017
   2614.0000      0.0017
   2615.0000      0.0017
   2616.0000      0.0017
   2617.0000      0.0017
   2618.0000      0.0017
   2619.0000      0.0018
   2620.0000      0.0018
   2621.0000      0.0018
   2622.0000      0.0018
   2623.0000      0.0018
   2624.0000      0.0018
   2625.0000      0.0018
   2626.0000      0.0018
   2627.0000      0.0018
   2628.0000      0.0018
   2629.0000      0.0018
   2630.0000      0.0018
   2631.0000      0.0018
   2632.0000      0.0018
   2633.0000      0.0018
   2634.0000      0.0019
   2635.0000      0.0019
   2636.0000      0.0019
   2637.0000      0.0019
   2638.0000      0.0019
   2639.0000      0.0019
   2640.0000      0.0019
   2641.0000      0.0019
   2642.0000      0.0019
   2643.0000      0.0019
   2644.0000      0.0019
   2645.0000      0.0019
   2646.0000      0.0019
   2647.0000      0.0020
   2648.0000      0.0020
   2649.0000      0.0020
   2650.0000      0.0020
   2651.0000      0.0020
   2652.0000      0.0020
   2653.0000      0.0020
   2654.0000      0.0020
   2655.0000      0.0020
   2656.0000      0.0020
   2657.0000      0.0020
   2658.0000      0.0020
   2659.0000      0.0020
   2660.0000      0.0021
   2661.0000      0.0021
   2662.0000      0.0021
   2663.0000      0.0021
   2664.0000      0.0021
   2665.0000      0.0021
   2666.0000      0.0021
   2667.0000      0.0021
   2668.0000      0.0021
   2669.0000      0.0021
   2670.0000      0.0021
   2671.0000      0.0022
   2672.0000      0.0022
   2673.0000      0.0022
   2674.0000      0.0022
   2675.0000      0.0022
   2676.0000      0.0022
   2677.0000      0.0022
   2678.0000      0.0022
   2679.0000      0.0022
   2680.0000      0.0022
   2681.0000      0.0022
   2682.0000      0.0023
   2683.0000      0.0023
   2684.0000      0.0023
   2685.0000      0.0023
   2686.0000      0.0023
   2687.0000      0.0023
   2688.0000      0.0023
   2689.0000      0.0023
   2690.0000      0.0023
   2691.0000      0.0023
   2692.0000      0.0024
   2693.0000      0.0024
   2694.0000      0.0024
   2695.0000      0.0024
   2696.0000      0.0024
   2697.0000      0.0024
   2698.0000      0.0024
   2699.0000      0.0024
   2700.0000      0.0024
   2701.0000      0.0025
   2702.0000      0.0025
   2703.0000      0.0025
   2704.0000      0.0025
   2705.0000      0.0025
   2706.0000      0.0025
   2707.0000      0.0025
   2708.0000      0.0025
   2709.0000      0.0025
   2710.0000      0.0026
   2711.0000      0.0026
   2712.0000      0.0026
   2713.0000      0.0026
   2714.0000      0.0026
   2715.0000      0.0026
   2716.0000      0.0026
   2717.0000      0.0026
   2718.0000      0.0026
   2719.0000      0.0027
   2720.0000      0.0027
   2721.0000      0.0027
   2722.0000      0.0027
   2723.0000      0.0027
   2724.0000      0.0027
   2725.0000      0.0027
   2726.0000      0.0028
   2727.0000      0.0028
   2728.0000      0.0028
   2729.0000      0.0028
   2730.0000      0.0028
   2731.0000      0.0028
   2732.0000      0.0028
   2733.0000      0.0028
   2734.0000      0.0029
   2735.0000      0.0029
   2736.0000      0.0029
   2737.0000      0.0029
   2738.0000      0.0029
   2739.0000      0.0029
   2740.0000      0.0029
   2741.0000      0.0030
   2742.0000      0.0030
   2743.0000      0.0030
   2744.0000      0.0030
   2745.0000      0.0030
   2746.0000      0.0030
   2747.0000      0.0030
   2748.0000      0.0031
   2749.0000      0.0031
   2750.0000      0.0031
   2751.0000      0.0031
   2752.0000      0.0031
   2753.0000      0.0031
   2754.0000      0.0032
   2755.0000      0.0032
   2756.0000      0.0032
   2757.0000      0.0032
   2758.0000      0.0032
   2759.0000      0.0032
   2760.0000      0.0033
   2761.0000      0.0033
   2762.0000      0.0033
   2763.0000      0.0033
   2764.0000      0.0033
   2765.0000      0.0033
   2766.0000      0.0034
   2767.0000      0.0034
   2768.0000      0.0034
   2769.0000      0.0034
   2770.0000      0.0034
   2771.0000      0.0034
   2772.0000      0.0035
   2773.0000      0.0035
   2774.0000      0.0035
   2775.0000      0.0035
   2776.0000      0.0035
   2777.0000      0.0036
   2778.0000      0.0036
   2779.0000      0.0036
   2780.0000      0.0036
   2781.0000      0.0036
   2782.0000      0.0037
   2783.0000      0.0037
   2784.0000      0.0037
   2785.0000      0.0037
   2786.0000      0.0037
   2787.0000      0.0038
   2788.0000      0.0038
   2789.0000      0.0038
   2790.0000      0.0038
   2791.0000      0.0038
   2792.0000      0.0039
   2793.0000      0.0039
   2794.0000      0.0039
   2795.0000      0.0039
   2796.0000      0.0040
   2797.0000      0.0040
   2798.0000      0.0040
   2799.0000      0.0040
   2800.0000      0.0040
   2801.0000      0.0041
   2802.0000      0.0041
   2803.0000      0.0041
   2804.0000      0.0041
   2805.0000      0.0042
   2806.0000      0.0042
   2807.0000      0.0042
   2808.0000      0.0042
   2809.0000      0.0043
   2810.0000      0.0043
   2811.0000      0.0043
   2812.0000      0.0043
   2813.0000      0.0044
   2814.0000      0.0044
   2815.0000      0.0044
   2816.0000      0.0044
   2817.0000      0.0045
   2818.0000      0.0045
   2819.0000      0.0045
   2820.0000      0.0045
   2821.0000      0.0046
   2822.0000      0.0046
   2823.0000      0.0046
   2824.0000      0.0047
   2825.0000      0.0047
   2826.0000      0.0047
   2827.0000      0.0047
   2828.0000      0.0048
   2829.0000      0.0048
   2830.0000      0.0048
   2831.0000      0.0049
   2832.0000      0.0049
   2833.0000      0.0049
   2834.0000      0.0050
   2835.0000      0.0050
   2836.0000      0.0050
   2837.0000      0.0051
   2838.0000      0.0051
   2839.0000      0.0051
   2840.0000      0.0052
   2841.0000      0.0052
   2842.0000      0.0052
   2843.0000      0.0053
   2844.0000      0.0053
   2845.0000      0.0053
   2846.0000      0.0054
   2847.0000      0.0054
   2848.0000      0.0054
   2849.0000      0.0055
   2850.0000      0.0055
   2851.0000      0.0055
   2852.0000      0.0056
   2853.0000      0.0056
   2854.0000      0.0057
   2855.0000      0.0057
   2856.0000      0.0057
   2857.0000      0.0058
   2858.0000      0.0058
   2859.0000      0.0059
   2860.0000      0.0059
   2861.0000      0.0059
   2862.0000      0.0060
   2863.0000      0.0060
   2864.0000      0.0061
   2865.0000      0.0061
   2866.0000      0.0061
   2867.0000      0.0062
   2868.0000      0.0062
   2869.0000      0.0063
   2870.0000      0.0063
   2871.0000      0.0064
   2872.0000      0.0064
   2873.0000      0.0065
   2874.0000      0.0065
   2875.0000      0.0066
   2876.0000      0.0066
   2877.0000      0.0067
   2878.0000      0.0067
   2879.0000      0.0068
   2880.0000      0.0068
   2881.0000      0.0069
   2882.0000      0.0069
   2883.0000      0.0070
   2884.0000      0.0070
   2885.0000      0.0071
   2886.0000      0.0071
   2887.0000      0.0072
   2888.0000      0.0072
   2889.0000      0.0073
   2890.0000      0.0073
   2891.0000      0.0074
   2892.0000      0.0075
   2893.0000      0.0075
   2894.0000      0.0076
   2895.0000      0.0076
   2896.0000      0.0077
   2897.0000      0.0078
   2898.0000      0.0078
   2899.0000      0.0079
   2900.0000      0.0079
   2901.0000      0.0080
   2902.0000      0.0081
   2903.0000      0.0081
   2904.0000      0.0082
   2905.0000      0.0083
   2906.0000      0.0083
   2907.0000      0.0084
   2908.0000      0.0085
   2909.0000      0.0085
   2910.0000      0.0086
   2911.0000      0.0087
   2912.0000      0.0088
   2913.0000      0.0088
   2914.0000      0.0089
   2915.0000      0.0090
   2916.0000      0.0091
   2917.0000      0.0091
   2918.0000      0.0092
   2919.0000      0.0093
   2920.0000      0.0094
   2921.0000      0.0095
   2922.0000      0.0096
   2923.0000      0.0096
   2924.0000      0.0097
   2925.0000      0.0098
   2926.0000      0.0099
   2927.0000      0.0100
   2928.0000      0.0101
   2929.0000      0.0102
   2930.0000      0.0103
   2931.0000      0.0104
   2932.0000      0.0105
   2933.0000      0.0106
   2934.0000      0.0107
   2935.0000      0.0108
   2936.0000      0.0109
   2937.0000      0.0110
   2938.0000      0.0111
   2939.0000      0.0112
   2940.0000      0.0113
   2941.0000      0.0114
   2942.0000      0.0115
   2943.0000      0.0116
   2944.0000      0.0117
   2945.0000      0.0118
   2946.0000      0.0119
   2947.0000      0.0121
   2948.0000      0.0122
   2949.0000      0.0123
   2950.0000      0.0124
   2951.0000      0.0126
   2952.0000      0.0127
   2953.0000      0.0128
   2954.0000      0.0129
   2955.0000      0.0131
   2956.0000      0.0132
   2957.0000      0.0134
   2958.0000      0.0135
   2959.0000      0.0136
   2960.0000      0.0138
   2961.0000      0.0139
   2962.0000      0.0141
   2963.0000      0.0142
   2964.0000      0.0144
   2965.0000      0.0145
   2966.0000      0.0147
   2967.0000      0.0149
   2968.0000      0.0150
   2969.0000      0.0152
   2970.0000      0.0154
   2971.0000      0.0155
   2972.0000      0.0157
   2973.0000      0.0159
   2974.0000      0.0161
   2975.0000      0.0163
   2976.0000      0.0164
   2977.0000      0.0166
   2978.0000      0.0168
   2979.0000      0.0170
   2980.0000      0.0172
   2981.0000      0.0174
   2982.0000      0.0177
   2983.0000      0.0179
   2984.0000      0.0181
   2985.0000      0.0183
   2986.0000      0.0185
   2987.0000      0.0188
   2988.0000      0.0190
   2989.0000      0.0192
   2990.0000      0.0195
   2991.0000      0.0197
   2992.0000      0.0200
   2993.0000      0.0202
   2994.0000      0.0205
   2995.0000      0.0208
   2996.0000      0.0210
   2997.0000      0.0213
   2998.0000      0.0216
   2999.0000      0.0219
   3000.0000      0.0222
   3001.0000      0.0225
   3002.0000      0.0228
   3003.0000      0.0231
   3004.0000      0.0234
   3005.0000      0.0237
   3006.0000      0.0241
   3007.0000      0.0244
   3008.0000      0.0247
   3009.0000      0.0251
   3010.0000      0.0255
   3011.0000      0.0258
   3012.0000      0.0262
   3013.0000      0.0266
   3014.0000      0.0270
   3015.0000      0.0274
   3016.0000      0.0278
   3017.0000      0.0282
   3018.0000      0.0287
   3019.0000      0.0291
   3020.0000      0.0296
   3021.0000      0.0300
   3022.0000      0.0305
   3023.0000      0.0310
   3024.0000      0.0315
   3025.0000      0.0320
   3026.0000      0.0325
   3027.0000      0.0330
   3028.0000      0.0336
   3029.0000      0.0341
   3030.0000      0.0347
   3031.0000      0.0353
   3032.0000      0.0359
   3033.0000      0.0365
   3034.0000      0.0372
   3035.0000      0.0378
   3036.0000      0.0385
   3037.0000      0.0392
   3038.0000      0.0399
   3039.0000      0.0406
   3040.0000      0.0413
   3041.0000      0.0421
   3042.0000      0.0429
   3043.0000      0.0437
   3044.0000      0.0445
   3045.0000      0.0454
   3046.0000      0.0463
   3047.0000      0.0472
   3048.0000      0.0481
   3049.0000      0.0491
   3050.0000      0.0501
   3051.0000      0.0511
   3052.0000      0.0521
   3053.0000      0.0532
   3054.0000      0.0544
   3055.0000      0.0555
   3056.0000      0.0567
   3057.0000      0.0579
   3058.0000      0.0592
   3059.0000      0.0605
   3060.0000      0.0619
   3061.0000      0.0633
   3062.0000      0.0647
   3063.0000      0.0662
   3064.0000      0.0678
   3065.0000      0.0694
   3066.0000      0.0711
   3067.0000      0.0728
   3068.0000      0.0746
   3069.0000      0.0764
   3070.0000      0.0784
   3071.0000      0.0804
   3072.0000      0.0824
   3073.0000      0.0846
   3074.0000      0.0868
   3075.0000      0.0892
   3076.0000      0.0916
   3077.0000      0.0941
   3078.0000      0.0968
   3079.0000      0.0995
   3080.0000      0.1024
   3081.0000      0.1054
   3082.0000      0.1085
   3083.0000      0.1117
   3084.0000      0.1151
   3085.0000      0.1187
   3086.0000      0.1224
   3087.0000      0.1263
   3088.0000      0.1304
   3089.0000      0.1347
   3090.0000      0.1393
   3091.0000      0.1440
   3092.0000      0.1490
   3093.0000      0.1542
   3094.0000      0.1597
   3095.0000      0.1655
   3096.0000      0.1717
   3097.0000      0.1782
   3098.0000      0.1850
   3099.0000      0.1923
   3100.0000      0.1999
   3101.0000      0.2081
   3102.0000      0.2167
   3103.0000      0.2259
   3104.0000      0.2357
   3105.0000      0.2461
   3106.0000      0.2571
   3107.0000      0.2690
   3108.0000      0.2816
   3109.0000      0.2952
   3110.0000      0.3097
   3111.0000      0.3253
   3112.0000      0.3421
   3113.0000      0.3602
   3114.0000      0.3797
   3115.0000      0.4008
   3116.0000      0.4237
   3117.0000      0.4485
   3118.0000      0.4754
   3119.0000      0.5048
   3120.0000      0.5368
   3121.0000      0.5719
   3122.0000      0.6103
   3123.0000      0.6526
   3124.0000      0.6991
   3125.0000      0.7505
   3126.0000      0.8073
   3127.0000      0.8704
   3128.0000      0.9406
   3129.0000      1.0188
   3130.0000      1.1062
   3131.0000      1.2041
   3132.0000      1.3139
   3133.0000      1.4373
   3134.0000      1.5761
   3135.0000      1.7323
   3136.0000      1.9078
   3137.0000      2.1047
   3138.0000      2.3247
   3139.0000      2.5689
   3140.0000      2.8371
   3141.0000      3.1276
   3142.0000      3.4355
   3143.0000      3.7524
   3144.0000      4.0654
   3145.0000      4.3569
   3146.0000      4.6056
   3147.0000      4.7897
   3148.0000      4.8905
   3149.0000      4.8966
   3150.0000      4.8076
   3151.0000      4.6332
   3152.0000      4.3915
   3153.0000      4.1043
   3154.0000      3.7930
   3155.0000      3.4757
   3156.0000      3.1661
   3157.0000      2.8731
   3158.0000      2.6018
   3159.0000      2.3545
   3160.0000      2.1315
   3161.0000      1.9317
   3162.0000      1.7536
   3163.0000      1.5951
   3164.0000      1.4542
   3165.0000      1.3289
   3166.0000      1.2175
   3167.0000      1.1181
   3168.0000      1.0295
   3169.0000      0.9501
   3170.0000      0.8790
   3171.0000      0.8150
   3172.0000      0.7574
   3173.0000      0.7054
   3174.0000      0.6583
   3175.0000      0.6155
   3176.0000      0.5766
   3177.0000      0.5411
   3178.0000      0.5087
   3179.0000      0.4790
   3180.0000      0.4518
   3181.0000      0.4267
   3182.0000      0.4036
   3183.0000      0.3823
   3184.0000      0.3626
   3185.0000      0.3444
   3186.0000      0.3274
   3187.0000      0.3117
   3188.0000      0.2970
   3189.0000      0.2833
   3190.0000      0.2706
   3191.0000      0.2586
   3192.0000      0.2474
   3193.0000      0.2369
   3194.0000      0.2271
   3195.0000      0.2179
   3196.0000      0.2092
   3197.0000      0.2010
   3198.0000      0.1932
   3199.0000      0.1859
   3200.0000      0.1790
   3201.0000      0.1725
   3202.0000      0.1663
   3203.0000      0.1605
   3204.0000      0.1549
   3205.0000      0.1496
   3206.0000      0.1446
   3207.0000      0.1398
   3208.0000      0.1353
   3209.0000      0.1310
   3210.0000      0.1269
   3211.0000      0.1229
   3212.0000      0.1192
   3213.0000      0.1156
   3214.0000      0.1122
   3215.0000      0.1089
   3216.0000      0.1058
   3217.0000      0.1027
   3218.0000      0.0999
   3219.0000      0.0971
   3220.0000      0.0945
   3221.0000      0.0919
   3222.0000      0.0895
   3223.0000      0.0871
   3224.0000      0.0849
   3225.0000      0.0827
   3226.0000      0.0806
   3227.0000      0.0786
   3228.0000      0.0767
   3229.0000      0.0748
   3230.0000      0.0730
   3231.0000      0.0713
   3232.0000      0.0696
   3233.0000      0.0680
   3234.0000      0.0664
   3235.0000      0.0649
   3236.0000      0.0635
   3237.0000      0.0620
   3238.0000      0.0607
   3239.0000      0.0594
   3240.0000      0.0581
   3241.0000      0.0569
   3242.0000      0.0557
   3243.0000      0.0545
   3244.0000      0.0534
   3245.0000      0.0523
   3246.0000      0.0512
   3247.0000      0.0502
   3248.0000      0.0492
   3249.0000      0.0482
   3250.0000      0.0473
   3251.0000      0.0464
   3252.0000      0.0455
   3253.0000      0.0447
   3254.0000      0.0438
   3255.0000      0.0430
   3256.0000      0.0422
   3257.0000      0.0414
   3258.0000      0.0407
   3259.0000      0.0400
   3260.0000      0.0393
   3261.0000      0.0386
   3262.0000      0.0379
   3263.0000      0.0372
   3264.0000      0.0366
   3265.0000      0.0360
   3266.0000      0.0354
   3267.0000      0.0348
   3268.0000      0.0342
   3269.0000      0.0337
   3270.0000      0.0331
   3271.0000      0.0326
   3272.0000      0.0320
   3273.0000      0.0315
   3274.0000      0.0310
   3275.0000      0.0306
   3276.0000      0.0301
   3277.0000      0.0296
   3278.0000      0.0292
   3279.0000      0.0287
   3280.0000      0.0283
   3281.0000      0.0279
   3282.0000      0.0274
   3283.0000      0.0270
   3284.0000      0.0266
   3285.0000      0.0263
   3286.0000      0.0259
   3287.0000      0.0255
   3288.0000      0.0251
   3289.0000      0.0248
   3290.0000      0.0244
   3291.0000      0.0241
   3292.0000      0.0238
   3293.0000      0.0234
   3294.0000      0.0231
   3295.0000      0.0228
   3296.0000      0.0225
   3297.0000      0.0222
   3298.0000      0.0219
   3299.0000      0.0216
   3300.0000      0.0213
   3301.0000      0.0211
   3302.0000      0.0208
   3303.0000      0.0205
   3304.0000      0.0203
   3305.0000      0.0200
   3306.0000      0.0197
   3307.0000      0.0195
   3308.0000      0.0193
   3309.0000      0.0190
   3310.0000      0.0188
   3311.0000      0.0186
   3312.0000      0.0183
   3313.0000      0.0181
   3314.0000      0.0179
   3315.0000      0.0177
   3316.0000      0.0175
   3317.0000      0.0173
   3318.0000      0.0171
   3319.0000      0.0169
   3320.0000      0.0167
   3321.0000      0.0165
   3322.0000      0.0163
   3323.0000      0.0161
   3324.0000      0.0159
   3325.0000      0.0157
   3326.0000      0.0156
   3327.0000      0.0154
   3328.0000      0.0152
   3329.0000      0.0150
   3330.0000      0.0149
   3331.0000      0.0147
   3332.0000      0.0146
   3333.0000      0.0144
   3334.0000      0.0143
   3335.0000      0.0141
   3336.0000      0.0139
   3337.0000      0.0138
   3338.0000      0.0137
   3339.0000      0.0135
   3340.0000      0.0134
   3341.0000      0.0132
   3342.0000      0.0131
   3343.0000      0.0130
   3344.0000      0.0128
   3345.0000      0.0127
   3346.0000      0.0126
   3347.0000      0.0124
   3348.0000      0.0123
   3349.0000      0.0122
   3350.0000      0.0121
   3351.0000      0.0120
   3352.0000      0.0118
   3353.0000      0.0117
   3354.0000      0.0116
   3355.0000      0.0115
   3356.0000      0.0114
   3357.0000      0.0113
   3358.0000      0.0112
   3359.0000      0.0111
   3360.0000      0.0110
   3361.0000      0.0109
   3362.0000      0.0108
   3363.0000      0.0107
   3364.0000      0.0106
   3365.0000      0.0105
   3366.0000      0.0104
   3367.0000      0.0103
   3368.0000      0.0102
   3369.0000      0.0101
   3370.0000      0.0100
   3371.0000      0.0099
   3372.0000      0.0098
   3373.0000      0.0097
   3374.0000      0.0097
   3375.0000      0.0096
   3376.0000      0.0095
   3377.0000      0.0094
   3378.0000      0.0093
   3379.0000      0.0092
   3380.0000      0.0092
   3381.0000      0.0091
   3382.0000      0.0090
   3383.0000      0.0089
   3384.0000      0.0089
   3385.0000      0.0088
   3386.0000      0.0087
   3387.0000      0.0086
   3388.0000      0.0086
   3389.0000      0.0085
   3390.0000      0.0084
   3391.0000      0.0083
   3392.0000      0.0083
   3393.0000      0.0082
   3394.0000      0.0081
   3395.0000      0.0081
   3396.0000      0.0080
   3397.0000      0.0079
   3398.0000      0.0079
   3399.0000      0.0078
   3400.0000      0.0078
   3401.0000      0.0077
   3402.0000      0.0076
   3403.0000      0.0076
   3404.0000      0.0075
   3405.0000      0.0075
   3406.0000      0.0074
   3407.0000      0.0073
   3408.0000      0.0073
   3409.0000      0.0072
   3410.0000      0.0072
   3411.0000      0.0071
   3412.0000      0.0071
   3413.0000      0.0070
   3414.0000      0.0070
   3415.0000      0.0069
   3416.0000      0.0069
   3417.0000      0.0068
   3418.0000      0.0068
   3419.0000      0.0067
   3420.0000      0.0067
   3421.0000      0.0066
   3422.0000      0.0066
   3423.0000      0.0065
   3424.0000      0.0065
   3425.0000      0.0064
   3426.0000      0.0064
   3427.0000      0.0063
   3428.0000      0.0063
   3429.0000      0.0062
   3430.0000      0.0062
   3431.0000      0.0062
   3432.0000      0.0061
   3433.0000      0.0061
   3434.0000      0.0060
   3435.0000      0.0060
   3436.0000      0.0059
   3437.0000      0.0059
   3438.0000      0.0059
   3439.0000      0.0058
   3440.0000      0.0058
   3441.0000      0.0057
   3442.0000      0.0057
   3443.0000      0.0057
   3444.0000      0.0056
   3445.0000      0.0056
   3446.0000      0.0055
   3447.0000      0.0055
   3448.0000      0.0055
   3449.0000      0.0054
   3450.0000      0.0054
   3451.0000      0.0054
   3452.0000      0.0053
   3453.0000      0.0053
   3454.0000      0.0053
   3455.0000      0.0052
   3456.0000      0.0052
   3457.0000      0.0052
   3458.0000      0.0051
   3459.0000      0.0051
   3460.0000      0.0051
   3461.0000      0.0050
   3462.0000      0.0050
   3463.0000      0.0050
   3464.0000      0.0049
   3465.0000      0.0049
   3466.0000      0.0049
   3467.0000      0.0048
   3468.0000      0.0048
   3469.0000      0.0048
   3470.0000      0.0048
   3471.0000      0.0047
   3472.0000      0.0047
   3473.0000      0.0047
   3474.0000      0.0046
   3475.0000      0.0046
   3476.0000      0.0046
   3477.0000      0.0046
   3478.0000      0.0045
   3479.0000      0.0045
   3480.0000      0.0045
   3481.0000      0.0044
   3482.0000      0.0044
   3483.0000      0.0044
   3484.0000      0.0044
   3485.0000      0.0043
   3486.0000      0.0043
   3487.0000      0.0043
   3488.0000      0.0043
   3489.0000      0.0042
   3490.0000      0.0042
   3491.0000      0.0042
   3492.0000      0.0042
   3493.0000      0.0041
   3494.0000      0.0041
   3495.0000      0.0041
   3496.0000      0.0041
   3497.0000      0.0040
   3498.0000      0.0040
   3499.0000      0.0040
   3500.0000      0.0040
   3501.0000      0.0040
   3502.0000      0.0039
   3503.0000      0.0039
   3504.0000      0.0039
   3505.0000      0.0039
   3506.0000      0.0038
   3507.0000      0.0038
   3508.0000      0.0038
   3509.0000      0.0038
   3510.0000      0.0038
   3511.0000      0.0037
   3512.0000      0.0037
   3513.0000      0.0037
   3514.0000      0.0037
   3515.0000      0.0037
   3516.0000      0.0036
   3517.0000      0.0036
   3518.0000      0.0036
   3519.0000      0.0036
   3520.0000      0.0036
   3521.0000      0.0035
   3522.0000      0.0035
   3523.0000      0.0035
   3524.0000      0.0035
   3525.0000      0.0035
   3526.0000      0.0034
   3527.0000      0.0034
   3528.0000      0.0034
   3529.0000      0.0034
   3530.0000      0.0034
   3531.0000      0.0034
   3532.0000      0.0033
   3533.0000      0.0033
   3534.0000      0.0033
   3535.0000      0.0033
   3536.0000      0.0033
   3537.0000      0.0033
   3538.0000      0.0032
   3539.0000      0.0032
   3540.0000      0.0032
   3541.0000      0.0032
   3542.0000      0.0032
   3543.0000      0.0032
   3544.0000      0.0031
   3545.0000      0.0031
   3546.0000      0.0031
   3547.0000      0.0031
   3548.0000      0.0031
   3549.0000      0.0031
   3550.0000      0.0030
   3551.0000      0.0030
   3552.0000      0.0030
   3553.0000      0.0030
   3554.0000      0.0030
   3555.0000      0.0030
   3556.0000      0.0030
   3557.0000      0.0029
   3558.0000      0.0029
   3559.0000      0.0029
   3560.0000      0.0029
   3561.0000      0.0029
   3562.0000      0.0029
   3563.0000      0.0029
   3564.0000      0.0028
   3565.0000      0.0028
   3566.0000      0.0028
   3567.0000      0.0028
   3568.0000      0.0028
   3569.0000      0.0028
   3570.0000      0.0028
   3571.0000      0.0028
   3572.0000      0.0027
   3573.0000      0.0027
   3574.0000      0.0027
   3575.0000      0.0027
   3576.0000      0.0027
   3577.0000      0.0027
   3578.0000      0.0027
   3579.0000      0.0027
   3580.0000      0.0026
   3581.0000      0.0026
   3582.0000      0.0026
   3583.0000      0.0026
   3584.0000      0.0026
   3585.0000      0.0026
   3586.0000      0.0026
   3587.0000      0.0026
   3588.0000      0.0025
   3589.0000      0.0025
   3590.0000      0.0025
   3591.0000      0.0025
   3592.0000      0.0025
   3593.0000      0.0025
   3594.0000      0.0025
   3595.0000      0.0025
   3596.0000      0.0025
   3597.0000      0.0024
   3598.0000      0.0024
   3599.0000      0.0024
   3600.0000      0.0024
   3601.0000      0.0024
   3602.0000      0.0024
   3603.0000      0.0024
   3604.0000      0.0024
   3605.0000      0.0024
   3606.0000      0.0023
   3607.0000      0.0023
   3608.0000      0.0023
   3609.0000      0.0023
   3610.0000      0.0023
   3611.0000      0.0023
   3612.0000      0.0023
   3613.0000      0.0023
   3614.0000      0.0023
   3615.0000      0.0023
   3616.0000      0.0022
   3617.0000      0.0022
   3618.0000      0.0022
   3619.0000      0.0022
   3620.0000      0.0022
   3621.0000      0.0022
   3622.0000      0.0022
   3623.0000      0.0022
   3624.0000      0.0022
   3625.0000      0.0022
   3626.0000      0.0022
   3627.0000      0.0021
   3628.0000      0.0021
   3629.0000      0.0021
   3630.0000      0.0021
   3631.0000      0.0021
   3632.0000      0.0021
   3633.0000      0.0021
   3634.0000      0.0021
   3635.0000      0.0021
   3636.0000      0.0021
   3637.0000      0.0021
   3638.0000      0.0021
   3639.0000      0.0020
   3640.0000      0.0020
   3641.0000      0.0020
   3642.0000      0.0020
   3643.0000      0.0020
   3644.0000      0.0020
   3645.0000      0.0020
   3646.0000      0.0020
   3647.0000      0.0020
   3648.0000      0.0020
   3649.0000      0.0020
   3650.0000      0.0020
   3651.0000      0.0019
   3652.0000      0.0019
   3653.0000      0.0019
   3654.0000      0.0019
   3655.0000      0.0019
   3656.0000      0.0019
   3657.0000      0.0019
   3658.0000      0.0019
   3659.0000      0.0019
   3660.0000      0.0019
   3661.0000      0.0019
   3662.0000      0.0019
   3663.0000      0.0019
   3664.0000      0.0018
   3665.0000      0.0018
   3666.0000      0.0018
   3667.0000      0.0018
   3668.0000      0.0018
   3669.0000      0.0018
   3670.0000      0.0018
   3671.0000      0.0018
   3672.0000      0.0018
   3673.0000      0.0018
   3674.0000      0.0018
   3675.0000      0.0018
   3676.0000      0.0018
   3677.0000      0.0018
   3678.0000      0.0018
   3679.0000      0.0017
   3680.0000      0.0017
   3681.0000      0.0017
   3682.0000      0.0017
   3683.0000      0.0017
   3684.0000      0.0017
   3685.0000      0.0017
   3686.0000      0.0017
   3687.0000      0.0017
   3688.0000      0.0017
   3689.0000      0.0017
   3690.0000      0.0017
   3691.0000      0.0017
   3692.0000      0.0017
   3693.0000      0.0017
   3694.0000      0.0017
   3695.0000      0.0016
   3696.0000      0.0016
   3697.0000      0.0016
   3698.0000      0.0016
   3699.0000      0.0016
   3700.0000      0.0016
   3701.0000      0.0016
   3702.0000      0.0016
   3703.0000      0.0016
   3704.0000      0.0016
   3705.0000      0.0016
   3706.0000      0.0016
   3707.0000      0.0016
   3708.0000      0.0016
   3709.0000      0.0016
   3710.0000      0.0016
   3711.0000      0.0016
   3712.0000      0.0015
   3713.0000      0.0015
   3714.0000      0.0015
   3715.0000      0.0015
   3716.0000      0.0015
   3717.0000      0.0015
   3718.0000      0.0015
   3719.0000      0.0015
   3720.0000      0.0015
   3721.0000      0.0015
   3722.0000      0.0015
   3723.0000      0.0015
   3724.0000      0.0015
   3725.0000      0.0015
   3726.0000      0.0015
   3727.0000      0.0015
   3728.0000      0.0015
   3729.0000      0.0015
   3730.0000      0.0015
   3731.0000      0.0014
   3732.0000      0.0014
   3733.0000      0.0014
   3734.0000      0.0014
   3735.0000      0.0014
   3736.0000      0.0014
   3737.0000      0.0014
   3738.0000      0.0014
   3739.0000      0.0014
   3740.0000      0.0014
   3741.0000      0.0014
   3742.0000      0.0014
   3743.0000      0.0014
   3744.0000      0.0014
   3745.0000      0.0014
   3746.0000      0.0014
   3747.0000      0.0014
   3748.0000      0.0014
   3749.0000      0.0014
   3750.0000      0.0014
   3751.0000      0.0014
   3752.0000      0.0013
   3753.0000      0.0013
   3754.0000      0.0013
   3755.0000      0.0013
   3756.0000      0.0013
   3757.0000      0.0013
   3758.0000      0.0013
   3759.0000      0.0013
   3760.0000      0.0013
   3761.0000      0.0013
   3762.0000      0.0013
   3763.0000      0.0013
   3764.0000      0.0013
   3765.0000      0.0013
   3766.0000      0.0013
   3767.0000      0.0013
   3768.0000      0.0013
   3769.0000      0.0013
   3770.0000      0.0013
   3771.0000      0.0013
   3772.0000      0.0013
   3773.0000      0.0013
   3774.0000      0.0013
   3775.0000      0.0013
   3776.0000      0.0012
   3777.0000      0.0012
   3778.0000      0.0012
   3779.0000      0.0012
   3780.0000      0.0012
   3781.0000      0.0012
   3782.0000      0.0012
   3783.0000      0.0012
   3784.0000      0.0012
   3785.0000      0.0012
   3786.0000      0.0012
   3787.0000      0.0012
   3788.0000      0.0012
   3789.0000      0.0012
   3790.0000      0.0012
   3791.0000      0.0012
   3792.0000      0.0012
   3793.0000      0.0012
   3794.0000      0.0012
   3795.0000      0.0012
   3796.0000      0.0012
   3797.0000      0.0012
   3798.0000      0.0012
   3799.0000      0.0012
   3800.0000      0.0012
   3801.0000      0.0012
   3802.0000      0.0012
   3803.0000      0.0011
   3804.0000      0.0011
   3805.0000      0.0011
   3806.0000      0.0011
   3807.0000      0.0011
   3808.0000      0.0011
   3809.0000      0.0011
   3810.0000      0.0011
   3811.0000      0.0011
   3812.0000      0.0011
   3813.0000      0.0011
   3814.0000      0.0011
   3815.0000      0.0011
   3816.0000      0.0011
   3817.0000      0.0011
   3818.0000      0.0011
   3819.0000      0.0011
   3820.0000      0.0011
   3821.0000      0.0011
   3822.0000      0.0011
   3823.0000      0.0011
   3824.0000      0.0011
   3825.0000      0.0011
   3826.0000      0.0011
   3827.0000      0.0011
   3828.0000      0.0011
   3829.0000      0.0011
   3830.0000      0.0011
   3831.0000      0.0011
   3832.0000      0.0011
   3833.0000      0.0010
   3834.0000      0.0010
   3835.0000      0.0010
   3836.0000      0.0010
   3837.0000      0.0010
   3838.0000      0.0010
   3839.0000      0.0010
   3840.0000      0.0010
   3841.0000      0.0010
   3842.0000      0.0010
   3843.0000      0.0010
   3844.0000      0.0010
   3845.0000      0.0010
   3846.0000      0.0010
   3847.0000      0.0010
   3848.0000      0.0010
   3849.0000      0.0010
   3850.0000      0.0010
   3851.0000      0.0010
   3852.0000      0.0010
   3853.0000      0.0010
   3854.0000      0.0010
   3855.0000      0.0010
   3856.0000      0.0010
   3857.0000      0.0010
   3858.0000      0.0010
   3859.0000      0.0010
   3860.0000      0.0010
   3861.0000      0.0010
   3862.0000      0.0010
   3863.0000      0.0010
   3864.0000      0.0010
   3865.0000      0.0010
   3866.0000      0.0010
   3867.0000      0.0010
   3868.0000      0.0009
   3869.0000      0.0009
   3870.0000      0.0009
   3871.0000      0.0009
   3872.0000      0.0009
   3873.0000      0.0009
   3874.0000      0.0009
   3875.0000      0.0009
   3876.0000      0.0009
   3877.0000      0.0009
   3878.0000      0.0009
   3879.0000      0.0009
   3880.0000      0.0009
   3881.0000      0.0009
   3882.0000      0.0009
   3883.0000      0.0009
   3884.0000      0.0009
   3885.0000      0.0009
   3886.0000      0.0009
   3887.0000      0.0009
   3888.0000      0.0009
   3889.0000      0.0009
   3890.0000      0.0009
   3891.0000      0.0009
   3892.0000      0.0009
   3893.0000      0.0009
   3894.0000      0.0009
   3895.0000      0.0009
   3896.0000      0.0009
   3897.0000      0.0009
   3898.0000      0.0009
   3899.0000      0.0009
   3900.0000      0.0009
   3901.0000      0.0009
   3902.0000      0.0009
   3903.0000      0.0009
   3904.0000      0.0009
   3905.0000      0.0009
   3906.0000      0.0009
   3907.0000      0.0009
   3908.0000      0.0009
   3909.0000      0.0008
   3910.0000      0.0008
   3911.0000      0.0008
   3912.0000      0.0008
   3913.0000      0.0008
   3914.0000      0.0008
   3915.0000      0.0008
   3916.0000      0.0008
   3917.0000      0.0008
   3918.0000      0.0008
   3919.0000      0.0008
   3920.0000      0.0008
   3921.0000      0.0008
   3922.0000      0.0008
   3923.0000      0.0008
   3924.0000      0.0008
   3925.0000      0.0008
   3926.0000      0.0008
   3927.0000      0.0008
   3928.0000      0.0008
   3929.0000      0.0008
   3930.0000      0.0008
   3931.0000      0.0008
   3932.0000      0.0008
   3933.0000      0.0008
   3934.0000      0.0008
   3935.0000      0.0008
   3936.0000      0.0008
   3937.0000      0.0008
   3938.0000      0.0008
   3939.0000      0.0008
   3940.0000      0.0008
   3941.0000      0.0008
   3942.0000      0.0008
   3943.0000      0.0008
   3944.0000      0.0008
   3945.0000      0.0008
   3946.0000      0.0008
   3947.0000      0.0008
   3948.0000      0.0008
   3949.0000      0.0008
   3950.0000      0.0008
   3951.0000      0.0008
   3952.0000      0.0008
   3953.0000      0.0008
   3954.0000      0.0008
   3955.0000      0.0008
   3956.0000      0.0008
   3957.0000      0.0008
   3958.0000      0.0007
   3959.0000      0.0007
   3960.0000      0.0007
   3961.0000      0.0007
   3962.0000      0.0007
   3963.0000      0.0007
   3964.0000      0.0007
   3965.0000      0.0007
   3966.0000      0.0007
   3967.0000      0.0007
   3968.0000      0.0007
   3969.0000      0.0007
   3970.0000      0.0007
   3971.0000      0.0007
   3972.0000      0.0007
   3973.0000      0.0007
   3974.0000      0.0007
   3975.0000      0.0007
   3976.0000      0.0007
   3977.0000      0.0007
   3978.0000      0.0007
   3979.0000      0.0007
   3980.0000      0.0007
   3981.0000      0.0007
   3982.0000      0.0007
   3983.0000      0.0007
   3984.0000      0.0007
   3985.0000      0.0007
   3986.0000      0.0007
   3987.0000      0.0007
   3988.0000      0.0007
   3989.0000      0.0007
   3990.0000      0.0007
   3991.0000      0.0007
   3992.0000      0.0007
   3993.0000      0.0007
   3994.0000      0.0007
   3995.0000      0.0007
   3996.0000      0.0007
   3997.0000      0.0007
   3998.0000      0.0007
   3999.0000      0.0007
