GROUP    0
    3
   0.11239060E-06   0.12487865E-04   0.39697602E-12
GROUP    1
    3
   0.11274586E-06   0.12518572E-04  -0.13615012E-12
GROUP    2
    3
   0.21830653E-06  -0.55578374E-03   0.41251116E-12
GROUP    3
    3
   0.17545588E-06   0.26944217E-02   0.41293176E-12
GROUP    4
    1    1
    3
   0.19474119E-06   0.14134195E-02   0.28979626E-12
    2    1
    3
  -0.40848042E-07   0.25874102E-02   0.54339129E-14
    2    2
    3
   0.18209907E-06   0.23622047E-02   0.42651769E-12
    3    1
    3
  -0.41186242E-07  -0.93279908E-03  -0.22955175E-12
    3    2
    3
   0.45326518E-07  -0.18579384E-02   0.85435618E-14
    3    3
    3
   0.15346055E-06   0.62808146E-03   0.45411357E-13
    4    1
    3
  -0.21026484E-07   0.45379518E-03  -0.63358116E-13
    4    2
    3
  -0.48749190E-07   0.11058130E-02   0.24658764E-14
    4    3
    3
  -0.41964364E-07  -0.29564308E-03  -0.10794437E-12
    4    4
    3
   0.26007911E-06   0.16022119E-03   0.38891860E-12
    5    1
    3
   0.12693355E-07  -0.82960440E-03  -0.15330010E-15
    5    2
    3
  -0.51728659E-07   0.83015066E-03  -0.43577781E-14
    5    3
    3
   0.53023197E-07  -0.39885178E-03  -0.16875223E-15
    5    4
    3
  -0.12424541E-06   0.17422635E-02   0.10013127E-15
    5    5
    3
  -0.91159077E-07   0.77950026E-02   0.40044445E-12
GROUP    5
    1    1
    3
   0.27768322E-06   0.21141437E-02   0.42753331E-12
    2    1
    3
  -0.24884143E-06  -0.46110629E-03  -0.52500155E-14
    2    2
    3
  -0.94033701E-06  -0.12588896E-02   0.40075889E-12
