    100.0000      0.0000
    101.0000      0.0000
    102.0000      0.0000
    103.0000      0.0000
    104.0000      0.0000
    105.0000      0.0000
    106.0000      0.0000
    107.0000      0.0000
    108.0000      0.0000
    109.0000      0.0000
    110.0000      0.0000
    111.0000      0.0000
    112.0000      0.0000
    113.0000      0.0000
    114.0000      0.0000
    115.0000      0.0000
    116.0000      0.0000
    117.0000      0.0000
    118.0000      0.0000
    119.0000      0.0000
    120.0000      0.0000
    121.0000      0.0000
    122.0000      0.0000
    123.0000      0.0000
    124.0000      0.0000
    125.0000      0.0000
    126.0000      0.0000
    127.0000      0.0000
    128.0000      0.0000
    129.0000      0.0000
    130.0000      0.0000
    131.0000      0.0000
    132.0000      0.0000
    133.0000      0.0000
    134.0000      0.0000
    135.0000      0.0000
    136.0000      0.0000
    137.0000      0.0000
    138.0000      0.0000
    139.0000      0.0000
    140.0000      0.0000
    141.0000      0.0000
    142.0000      0.0000
    143.0000      0.0000
    144.0000      0.0000
    145.0000      0.0000
    146.0000      0.0000
    147.0000      0.0000
    148.0000      0.0000
    149.0000      0.0000
    150.0000      0.0000
    151.0000      0.0000
    152.0000      0.0000
    153.0000      0.0000
    154.0000      0.0000
    155.0000      0.0000
    156.0000      0.0000
    157.0000      0.0000
    158.0000      0.0000
    159.0000      0.0000
    160.0000      0.0000
    161.0000      0.0000
    162.0000      0.0000
    163.0000      0.0000
    164.0000      0.0000
    165.0000      0.0000
    166.0000      0.0000
    167.0000      0.0000
    168.0000      0.0000
    169.0000      0.0000
    170.0000      0.0000
    171.0000      0.0000
    172.0000      0.0000
    173.0000      0.0000
    174.0000      0.0000
    175.0000      0.0000
    176.0000      0.0000
    177.0000      0.0000
    178.0000      0.0000
    179.0000      0.0000
    180.0000      0.0000
    181.0000      0.0000
    182.0000      0.0000
    183.0000      0.0000
    184.0000      0.0000
    185.0000      0.0000
    186.0000      0.0000
    187.0000      0.0000
    188.0000      0.0000
    189.0000      0.0000
    190.0000      0.0000
    191.0000      0.0000
    192.0000      0.0000
    193.0000      0.0000
    194.0000      0.0000
    195.0000      0.0000
    196.0000      0.0000
    197.0000      0.0000
    198.0000      0.0000
    199.0000      0.0000
    200.0000      0.0000
    201.0000      0.0000
    202.0000      0.0000
    203.0000      0.0000
    204.0000      0.0000
    205.0000      0.0000
    206.0000      0.0000
    207.0000      0.0000
    208.0000      0.0000
    209.0000      0.0000
    210.0000      0.0000
    211.0000      0.0000
    212.0000      0.0000
    213.0000      0.0000
    214.0000      0.0000
    215.0000      0.0000
    216.0000      0.0000
    217.0000      0.0000
    218.0000      0.0000
    219.0000      0.0000
    220.0000      0.0000
    221.0000      0.0000
    222.0000      0.0000
    223.0000      0.0000
    224.0000      0.0000
    225.0000      0.0000
    226.0000      0.0000
    227.0000      0.0000
    228.0000      0.0000
    229.0000      0.0000
    230.0000      0.0000
    231.0000      0.0000
    232.0000      0.0000
    233.0000      0.0000
    234.0000      0.0000
    235.0000      0.0000
    236.0000      0.0000
    237.0000      0.0000
    238.0000      0.0000
    239.0000      0.0000
    240.0000      0.0000
    241.0000      0.0000
    242.0000      0.0000
    243.0000      0.0000
    244.0000      0.0000
    245.0000      0.0000
    246.0000      0.0000
    247.0000      0.0000
    248.0000      0.0000
    249.0000      0.0000
    250.0000      0.0000
    251.0000      0.0000
    252.0000      0.0000
    253.0000      0.0000
    254.0000      0.0000
    255.0000      0.0000
    256.0000      0.0000
    257.0000      0.0000
    258.0000      0.0000
    259.0000      0.0000
    260.0000      0.0000
    261.0000      0.0000
    262.0000      0.0000
    263.0000      0.0000
    264.0000      0.0000
    265.0000      0.0000
    266.0000      0.0000
    267.0000      0.0000
    268.0000      0.0000
    269.0000      0.0000
    270.0000      0.0000
    271.0000      0.0000
    272.0000      0.0000
    273.0000      0.0000
    274.0000      0.0000
    275.0000      0.0000
    276.0000      0.0000
    277.0000      0.0000
    278.0000      0.0000
    279.0000      0.0000
    280.0000      0.0000
    281.0000      0.0000
    282.0000      0.0000
    283.0000      0.0000
    284.0000      0.0000
    285.0000      0.0000
    286.0000      0.0000
    287.0000      0.0000
    288.0000      0.0000
    289.0000      0.0000
    290.0000      0.0000
    291.0000      0.0000
    292.0000      0.0000
    293.0000      0.0000
    294.0000      0.0000
    295.0000      0.0000
    296.0000      0.0000
    297.0000      0.0000
    298.0000      0.0000
    299.0000      0.0000
    300.0000      0.0000
    301.0000      0.0000
    302.0000      0.0000
    303.0000      0.0000
    304.0000      0.0000
    305.0000      0.0000
    306.0000      0.0000
    307.0000      0.0000
    308.0000      0.0000
    309.0000      0.0000
    310.0000      0.0000
    311.0000      0.0000
    312.0000      0.0000
    313.0000      0.0000
    314.0000      0.0000
    315.0000      0.0000
    316.0000      0.0000
    317.0000      0.0000
    318.0000      0.0000
    319.0000      0.0000
    320.0000      0.0000
    321.0000      0.0000
    322.0000      0.0000
    323.0000      0.0000
    324.0000      0.0000
    325.0000      0.0000
    326.0000      0.0000
    327.0000      0.0000
    328.0000      0.0000
    329.0000      0.0000
    330.0000      0.0000
    331.0000      0.0000
    332.0000      0.0000
    333.0000      0.0000
    334.0000      0.0000
    335.0000      0.0000
    336.0000      0.0000
    337.0000      0.0000
    338.0000      0.0000
    339.0000      0.0000
    340.0000      0.0000
    341.0000      0.0000
    342.0000      0.0000
    343.0000      0.0000
    344.0000      0.0000
    345.0000      0.0000
    346.0000      0.0000
    347.0000      0.0000
    348.0000      0.0000
    349.0000      0.0000
    350.0000      0.0000
    351.0000      0.0000
    352.0000      0.0000
    353.0000      0.0000
    354.0000      0.0000
    355.0000      0.0000
    356.0000      0.0000
    357.0000      0.0000
    358.0000      0.0000
    359.0000      0.0000
    360.0000      0.0000
    361.0000      0.0000
    362.0000      0.0000
    363.0000      0.0000
    364.0000      0.0000
    365.0000      0.0000
    366.0000      0.0000
    367.0000      0.0000
    368.0000      0.0000
    369.0000      0.0000
    370.0000      0.0000
    371.0000      0.0000
    372.0000      0.0000
    373.0000      0.0000
    374.0000      0.0000
    375.0000      0.0000
    376.0000      0.0000
    377.0000      0.0000
    378.0000      0.0000
    379.0000      0.0000
    380.0000      0.0000
    381.0000      0.0000
    382.0000      0.0000
    383.0000      0.0000
    384.0000      0.0000
    385.0000      0.0000
    386.0000      0.0000
    387.0000      0.0000
    388.0000      0.0000
    389.0000      0.0000
    390.0000      0.0000
    391.0000      0.0000
    392.0000      0.0000
    393.0000      0.0000
    394.0000      0.0000
    395.0000      0.0000
    396.0000      0.0000
    397.0000      0.0000
    398.0000      0.0000
    399.0000      0.0000
    400.0000      0.0000
    401.0000      0.0000
    402.0000      0.0000
    403.0000      0.0000
    404.0000      0.0000
    405.0000      0.0000
    406.0000      0.0000
    407.0000      0.0000
    408.0000      0.0000
    409.0000      0.0000
    410.0000      0.0000
    411.0000      0.0000
    412.0000      0.0000
    413.0000      0.0000
    414.0000      0.0001
    415.0000      0.0001
    416.0000      0.0002
    417.0000      0.0002
    418.0000      0.0002
    419.0000      0.0002
    420.0000      0.0002
    421.0000      0.0002
    422.0000      0.0002
    423.0000      0.0002
    424.0000      0.0002
    425.0000      0.0002
    426.0000      0.0002
    427.0000      0.0002
    428.0000      0.0002
    429.0000      0.0002
    430.0000      0.0002
    431.0000      0.0002
    432.0000      0.0002
    433.0000      0.0002
    434.0000      0.0002
    435.0000      0.0002
    436.0000      0.0002
    437.0000      0.0002
    438.0000      0.0002
    439.0000      0.0002
    440.0000      0.0002
    441.0000      0.0002
    442.0000      0.0002
    443.0000      0.0002
    444.0000      0.0002
    445.0000      0.0002
    446.0000      0.0002
    447.0000      0.0002
    448.0000      0.0002
    449.0000      0.0002
    450.0000      0.0002
    451.0000      0.0002
    452.0000      0.0002
    453.0000      0.0002
    454.0000      0.0002
    455.0000      0.0002
    456.0000      0.0002
    457.0000      0.0002
    458.0000      0.0002
    459.0000      0.0002
    460.0000      0.0002
    461.0000      0.0002
    462.0000      0.0002
    463.0000      0.0002
    464.0000      0.0002
    465.0000      0.0002
    466.0000      0.0002
    467.0000      0.0002
    468.0000      0.0002
    469.0000      0.0002
    470.0000      0.0002
    471.0000      0.0002
    472.0000      0.0002
    473.0000      0.0002
    474.0000      0.0002
    475.0000      0.0002
    476.0000      0.0002
    477.0000      0.0002
    478.0000      0.0002
    479.0000      0.0002
    480.0000      0.0002
    481.0000      0.0002
    482.0000      0.0002
    483.0000      0.0002
    484.0000      0.0002
    485.0000      0.0002
    486.0000      0.0002
    487.0000      0.0002
    488.0000      0.0002
    489.0000      0.0002
    490.0000      0.0002
    491.0000      0.0002
    492.0000      0.0002
    493.0000      0.0002
    494.0000      0.0002
    495.0000      0.0002
    496.0000      0.0002
    497.0000      0.0002
    498.0000      0.0002
    499.0000      0.0002
    500.0000      0.0002
    501.0000      0.0002
    502.0000      0.0002
    503.0000      0.0002
    504.0000      0.0002
    505.0000      0.0002
    506.0000      0.0002
    507.0000      0.0002
    508.0000      0.0002
    509.0000      0.0002
    510.0000      0.0002
    511.0000      0.0002
    512.0000      0.0002
    513.0000      0.0002
    514.0000      0.0002
    515.0000      0.0002
    516.0000      0.0002
    517.0000      0.0002
    518.0000      0.0002
    519.0000      0.0002
    520.0000      0.0002
    521.0000      0.0002
    522.0000      0.0002
    523.0000      0.0002
    524.0000      0.0002
    525.0000      0.0002
    526.0000      0.0002
    527.0000      0.0002
    528.0000      0.0002
    529.0000      0.0002
    530.0000      0.0002
    531.0000      0.0002
    532.0000      0.0002
    533.0000      0.0002
    534.0000      0.0002
    535.0000      0.0002
    536.0000      0.0002
    537.0000      0.0002
    538.0000      0.0002
    539.0000      0.0002
    540.0000      0.0002
    541.0000      0.0002
    542.0000      0.0002
    543.0000      0.0002
    544.0000      0.0002
    545.0000      0.0002
    546.0000      0.0002
    547.0000      0.0002
    548.0000      0.0002
    549.0000      0.0002
    550.0000      0.0002
    551.0000      0.0002
    552.0000      0.0002
    553.0000      0.0002
    554.0000      0.0002
    555.0000      0.0002
    556.0000      0.0002
    557.0000      0.0002
    558.0000      0.0002
    559.0000      0.0002
    560.0000      0.0002
    561.0000      0.0002
    562.0000      0.0002
    563.0000      0.0002
    564.0000      0.0002
    565.0000      0.0002
    566.0000      0.0002
    567.0000      0.0002
    568.0000      0.0002
    569.0000      0.0002
    570.0000      0.0002
    571.0000      0.0002
    572.0000      0.0002
    573.0000      0.0002
    574.0000      0.0002
    575.0000      0.0002
    576.0000      0.0002
    577.0000      0.0002
    578.0000      0.0002
    579.0000      0.0002
    580.0000      0.0002
    581.0000      0.0002
    582.0000      0.0002
    583.0000      0.0002
    584.0000      0.0002
    585.0000      0.0002
    586.0000      0.0002
    587.0000      0.0002
    588.0000      0.0002
    589.0000      0.0002
    590.0000      0.0002
    591.0000      0.0002
    592.0000      0.0002
    593.0000      0.0002
    594.0000      0.0002
    595.0000      0.0002
    596.0000      0.0002
    597.0000      0.0002
    598.0000      0.0002
    599.0000      0.0002
    600.0000      0.0002
    601.0000      0.0002
    602.0000      0.0002
    603.0000      0.0002
    604.0000      0.0002
    605.0000      0.0002
    606.0000      0.0002
    607.0000      0.0002
    608.0000      0.0002
    609.0000      0.0002
    610.0000      0.0002
    611.0000      0.0002
    612.0000      0.0002
    613.0000      0.0002
    614.0000      0.0002
    615.0000      0.0002
    616.0000      0.0002
    617.0000      0.0002
    618.0000      0.0002
    619.0000      0.0002
    620.0000      0.0002
    621.0000      0.0002
    622.0000      0.0002
    623.0000      0.0002
    624.0000      0.0002
    625.0000      0.0003
    626.0000      0.0003
    627.0000      0.0003
    628.0000      0.0003
    629.0000      0.0003
    630.0000      0.0003
    631.0000      0.0003
    632.0000      0.0003
    633.0000      0.0003
    634.0000      0.0003
    635.0000      0.0003
    636.0000      0.0003
    637.0000      0.0003
    638.0000      0.0003
    639.0000      0.0003
    640.0000      0.0003
    641.0000      0.0003
    642.0000      0.0003
    643.0000      0.0003
    644.0000      0.0003
    645.0000      0.0003
    646.0000      0.0003
    647.0000      0.0003
    648.0000      0.0003
    649.0000      0.0003
    650.0000      0.0003
    651.0000      0.0003
    652.0000      0.0003
    653.0000      0.0003
    654.0000      0.0003
    655.0000      0.0003
    656.0000      0.0003
    657.0000      0.0003
    658.0000      0.0003
    659.0000      0.0003
    660.0000      0.0003
    661.0000      0.0003
    662.0000      0.0003
    663.0000      0.0003
    664.0000      0.0003
    665.0000      0.0003
    666.0000      0.0003
    667.0000      0.0003
    668.0000      0.0003
    669.0000      0.0003
    670.0000      0.0003
    671.0000      0.0003
    672.0000      0.0003
    673.0000      0.0003
    674.0000      0.0003
    675.0000      0.0003
    676.0000      0.0003
    677.0000      0.0003
    678.0000      0.0003
    679.0000      0.0003
    680.0000      0.0003
    681.0000      0.0003
    682.0000      0.0003
    683.0000      0.0003
    684.0000      0.0003
    685.0000      0.0003
    686.0000      0.0003
    687.0000      0.0003
    688.0000      0.0003
    689.0000      0.0003
    690.0000      0.0003
    691.0000      0.0003
    692.0000      0.0003
    693.0000      0.0003
    694.0000      0.0003
    695.0000      0.0003
    696.0000      0.0003
    697.0000      0.0003
    698.0000      0.0003
    699.0000      0.0003
    700.0000      0.0003
    701.0000      0.0003
    702.0000      0.0003
    703.0000      0.0003
    704.0000      0.0003
    705.0000      0.0003
    706.0000      0.0003
    707.0000      0.0003
    708.0000      0.0003
    709.0000      0.0003
    710.0000      0.0003
    711.0000      0.0003
    712.0000      0.0003
    713.0000      0.0003
    714.0000      0.0003
    715.0000      0.0003
    716.0000      0.0003
    717.0000      0.0003
    718.0000      0.0003
    719.0000      0.0003
    720.0000      0.0003
    721.0000      0.0003
    722.0000      0.0003
    723.0000      0.0003
    724.0000      0.0003
    725.0000      0.0003
    726.0000      0.0003
    727.0000      0.0003
    728.0000      0.0003
    729.0000      0.0003
    730.0000      0.0003
    731.0000      0.0003
    732.0000      0.0003
    733.0000      0.0003
    734.0000      0.0003
    735.0000      0.0003
    736.0000      0.0003
    737.0000      0.0003
    738.0000      0.0003
    739.0000      0.0003
    740.0000      0.0003
    741.0000      0.0003
    742.0000      0.0003
    743.0000      0.0003
    744.0000      0.0003
    745.0000      0.0003
    746.0000      0.0003
    747.0000      0.0003
    748.0000      0.0004
    749.0000      0.0004
    750.0000      0.0004
    751.0000      0.0004
    752.0000      0.0004
    753.0000      0.0004
    754.0000      0.0004
    755.0000      0.0004
    756.0000      0.0004
    757.0000      0.0004
    758.0000      0.0004
    759.0000      0.0004
    760.0000      0.0004
    761.0000      0.0004
    762.0000      0.0004
    763.0000      0.0004
    764.0000      0.0004
    765.0000      0.0004
    766.0000      0.0004
    767.0000      0.0004
    768.0000      0.0004
    769.0000      0.0004
    770.0000      0.0004
    771.0000      0.0004
    772.0000      0.0004
    773.0000      0.0004
    774.0000      0.0004
    775.0000      0.0004
    776.0000      0.0004
    777.0000      0.0004
    778.0000      0.0004
    779.0000      0.0004
    780.0000      0.0004
    781.0000      0.0004
    782.0000      0.0004
    783.0000      0.0004
    784.0000      0.0004
    785.0000      0.0004
    786.0000      0.0004
    787.0000      0.0004
    788.0000      0.0004
    789.0000      0.0004
    790.0000      0.0004
    791.0000      0.0004
    792.0000      0.0004
    793.0000      0.0004
    794.0000      0.0004
    795.0000      0.0004
    796.0000      0.0004
    797.0000      0.0004
    798.0000      0.0004
    799.0000      0.0004
    800.0000      0.0004
    801.0000      0.0004
    802.0000      0.0004
    803.0000      0.0004
    804.0000      0.0004
    805.0000      0.0004
    806.0000      0.0004
    807.0000      0.0004
    808.0000      0.0004
    809.0000      0.0004
    810.0000      0.0004
    811.0000      0.0004
    812.0000      0.0004
    813.0000      0.0004
    814.0000      0.0004
    815.0000      0.0004
    816.0000      0.0004
    817.0000      0.0004
    818.0000      0.0004
    819.0000      0.0004
    820.0000      0.0004
    821.0000      0.0004
    822.0000      0.0004
    823.0000      0.0004
    824.0000      0.0004
    825.0000      0.0004
    826.0000      0.0005
    827.0000      0.0005
    828.0000      0.0005
    829.0000      0.0005
    830.0000      0.0005
    831.0000      0.0005
    832.0000      0.0005
    833.0000      0.0005
    834.0000      0.0005
    835.0000      0.0005
    836.0000      0.0005
    837.0000      0.0005
    838.0000      0.0005
    839.0000      0.0005
    840.0000      0.0005
    841.0000      0.0005
    842.0000      0.0005
    843.0000      0.0005
    844.0000      0.0005
    845.0000      0.0005
    846.0000      0.0005
    847.0000      0.0005
    848.0000      0.0005
    849.0000      0.0005
    850.0000      0.0005
    851.0000      0.0005
    852.0000      0.0005
    853.0000      0.0005
    854.0000      0.0005
    855.0000      0.0005
    856.0000      0.0005
    857.0000      0.0005
    858.0000      0.0005
    859.0000      0.0005
    860.0000      0.0005
    861.0000      0.0005
    862.0000      0.0005
    863.0000      0.0005
    864.0000      0.0005
    865.0000      0.0005
    866.0000      0.0005
    867.0000      0.0005
    868.0000      0.0005
    869.0000      0.0005
    870.0000      0.0005
    871.0000      0.0005
    872.0000      0.0005
    873.0000      0.0005
    874.0000      0.0005
    875.0000      0.0005
    876.0000      0.0005
    877.0000      0.0005
    878.0000      0.0005
    879.0000      0.0005
    880.0000      0.0005
    881.0000      0.0005
    882.0000      0.0005
    883.0000      0.0006
    884.0000      0.0006
    885.0000      0.0006
    886.0000      0.0006
    887.0000      0.0006
    888.0000      0.0006
    889.0000      0.0006
    890.0000      0.0006
    891.0000      0.0006
    892.0000      0.0006
    893.0000      0.0006
    894.0000      0.0006
    895.0000      0.0006
    896.0000      0.0006
    897.0000      0.0006
    898.0000      0.0006
    899.0000      0.0006
    900.0000      0.0006
    901.0000      0.0006
    902.0000      0.0006
    903.0000      0.0006
    904.0000      0.0006
    905.0000      0.0006
    906.0000      0.0006
    907.0000      0.0006
    908.0000      0.0006
    909.0000      0.0006
    910.0000      0.0006
    911.0000      0.0006
    912.0000      0.0006
    913.0000      0.0006
    914.0000      0.0006
    915.0000      0.0006
    916.0000      0.0006
    917.0000      0.0006
    918.0000      0.0006
    919.0000      0.0006
    920.0000      0.0006
    921.0000      0.0006
    922.0000      0.0006
    923.0000      0.0006
    924.0000      0.0006
    925.0000      0.0007
    926.0000      0.0007
    927.0000      0.0007
    928.0000      0.0007
    929.0000      0.0007
    930.0000      0.0007
    931.0000      0.0007
    932.0000      0.0007
    933.0000      0.0007
    934.0000      0.0007
    935.0000      0.0007
    936.0000      0.0007
    937.0000      0.0007
    938.0000      0.0007
    939.0000      0.0007
    940.0000      0.0007
    941.0000      0.0007
    942.0000      0.0007
    943.0000      0.0007
    944.0000      0.0007
    945.0000      0.0007
    946.0000      0.0007
    947.0000      0.0007
    948.0000      0.0007
    949.0000      0.0007
    950.0000      0.0007
    951.0000      0.0007
    952.0000      0.0007
    953.0000      0.0007
    954.0000      0.0007
    955.0000      0.0007
    956.0000      0.0007
    957.0000      0.0007
    958.0000      0.0007
    959.0000      0.0008
    960.0000      0.0008
    961.0000      0.0008
    962.0000      0.0008
    963.0000      0.0008
    964.0000      0.0008
    965.0000      0.0008
    966.0000      0.0008
    967.0000      0.0008
    968.0000      0.0008
    969.0000      0.0008
    970.0000      0.0008
    971.0000      0.0008
    972.0000      0.0008
    973.0000      0.0008
    974.0000      0.0008
    975.0000      0.0008
    976.0000      0.0008
    977.0000      0.0008
    978.0000      0.0008
    979.0000      0.0008
    980.0000      0.0008
    981.0000      0.0008
    982.0000      0.0008
    983.0000      0.0008
    984.0000      0.0008
    985.0000      0.0008
    986.0000      0.0008
    987.0000      0.0009
    988.0000      0.0009
    989.0000      0.0009
    990.0000      0.0009
    991.0000      0.0009
    992.0000      0.0009
    993.0000      0.0009
    994.0000      0.0009
    995.0000      0.0009
    996.0000      0.0009
    997.0000      0.0009
    998.0000      0.0009
    999.0000      0.0009
   1000.0000      0.0009
   1001.0000      0.0009
   1002.0000      0.0009
   1003.0000      0.0009
   1004.0000      0.0009
   1005.0000      0.0009
   1006.0000      0.0009
   1007.0000      0.0009
   1008.0000      0.0009
   1009.0000      0.0009
   1010.0000      0.0010
   1011.0000      0.0010
   1012.0000      0.0010
   1013.0000      0.0010
   1014.0000      0.0010
   1015.0000      0.0010
   1016.0000      0.0010
   1017.0000      0.0010
   1018.0000      0.0010
   1019.0000      0.0010
   1020.0000      0.0010
   1021.0000      0.0010
   1022.0000      0.0010
   1023.0000      0.0010
   1024.0000      0.0010
   1025.0000      0.0010
   1026.0000      0.0010
   1027.0000      0.0010
   1028.0000      0.0010
   1029.0000      0.0010
   1030.0000      0.0011
   1031.0000      0.0011
   1032.0000      0.0011
   1033.0000      0.0011
   1034.0000      0.0011
   1035.0000      0.0011
   1036.0000      0.0011
   1037.0000      0.0011
   1038.0000      0.0011
   1039.0000      0.0011
   1040.0000      0.0011
   1041.0000      0.0011
   1042.0000      0.0011
   1043.0000      0.0011
   1044.0000      0.0011
   1045.0000      0.0011
   1046.0000      0.0011
   1047.0000      0.0012
   1048.0000      0.0012
   1049.0000      0.0012
   1050.0000      0.0012
   1051.0000      0.0012
   1052.0000      0.0012
   1053.0000      0.0012
   1054.0000      0.0012
   1055.0000      0.0012
   1056.0000      0.0012
   1057.0000      0.0012
   1058.0000      0.0012
   1059.0000      0.0012
   1060.0000      0.0012
   1061.0000      0.0012
   1062.0000      0.0013
   1063.0000      0.0013
   1064.0000      0.0013
   1065.0000      0.0013
   1066.0000      0.0013
   1067.0000      0.0013
   1068.0000      0.0013
   1069.0000      0.0013
   1070.0000      0.0013
   1071.0000      0.0013
   1072.0000      0.0013
   1073.0000      0.0013
   1074.0000      0.0013
   1075.0000      0.0014
   1076.0000      0.0014
   1077.0000      0.0014
   1078.0000      0.0014
   1079.0000      0.0014
   1080.0000      0.0014
   1081.0000      0.0014
   1082.0000      0.0014
   1083.0000      0.0014
   1084.0000      0.0014
   1085.0000      0.0014
   1086.0000      0.0014
   1087.0000      0.0015
   1088.0000      0.0015
   1089.0000      0.0015
   1090.0000      0.0015
   1091.0000      0.0015
   1092.0000      0.0015
   1093.0000      0.0015
   1094.0000      0.0015
   1095.0000      0.0015
   1096.0000      0.0015
   1097.0000      0.0015
   1098.0000      0.0016
   1099.0000      0.0016
   1100.0000      0.0016
   1101.0000      0.0016
   1102.0000      0.0016
   1103.0000      0.0016
   1104.0000      0.0016
   1105.0000      0.0016
   1106.0000      0.0016
   1107.0000      0.0016
   1108.0000      0.0017
   1109.0000      0.0017
   1110.0000      0.0017
   1111.0000      0.0017
   1112.0000      0.0017
   1113.0000      0.0017
   1114.0000      0.0017
   1115.0000      0.0017
   1116.0000      0.0017
   1117.0000      0.0018
   1118.0000      0.0018
   1119.0000      0.0018
   1120.0000      0.0018
   1121.0000      0.0018
   1122.0000      0.0018
   1123.0000      0.0018
   1124.0000      0.0018
   1125.0000      0.0019
   1126.0000      0.0019
   1127.0000      0.0019
   1128.0000      0.0019
   1129.0000      0.0019
   1130.0000      0.0019
   1131.0000      0.0019
   1132.0000      0.0020
   1133.0000      0.0020
   1134.0000      0.0020
   1135.0000      0.0020
   1136.0000      0.0020
   1137.0000      0.0020
   1138.0000      0.0020
   1139.0000      0.0021
   1140.0000      0.0021
   1141.0000      0.0021
   1142.0000      0.0021
   1143.0000      0.0021
   1144.0000      0.0021
   1145.0000      0.0021
   1146.0000      0.0022
   1147.0000      0.0022
   1148.0000      0.0022
   1149.0000      0.0022
   1150.0000      0.0022
   1151.0000      0.0022
   1152.0000      0.0023
   1153.0000      0.0023
   1154.0000      0.0023
   1155.0000      0.0023
   1156.0000      0.0023
   1157.0000      0.0023
   1158.0000      0.0024
   1159.0000      0.0024
   1160.0000      0.0024
   1161.0000      0.0024
   1162.0000      0.0024
   1163.0000      0.0025
   1164.0000      0.0025
   1165.0000      0.0025
   1166.0000      0.0025
   1167.0000      0.0025
   1168.0000      0.0026
   1169.0000      0.0026
   1170.0000      0.0026
   1171.0000      0.0026
   1172.0000      0.0026
   1173.0000      0.0027
   1174.0000      0.0027
   1175.0000      0.0027
   1176.0000      0.0027
   1177.0000      0.0028
   1178.0000      0.0028
   1179.0000      0.0028
   1180.0000      0.0028
   1181.0000      0.0029
   1182.0000      0.0029
   1183.0000      0.0029
   1184.0000      0.0029
   1185.0000      0.0030
   1186.0000      0.0030
   1187.0000      0.0030
   1188.0000      0.0030
   1189.0000      0.0031
   1190.0000      0.0031
   1191.0000      0.0031
   1192.0000      0.0031
   1193.0000      0.0032
   1194.0000      0.0032
   1195.0000      0.0032
   1196.0000      0.0033
   1197.0000      0.0033
   1198.0000      0.0033
   1199.0000      0.0034
   1200.0000      0.0034
   1201.0000      0.0034
   1202.0000      0.0034
   1203.0000      0.0035
   1204.0000      0.0035
   1205.0000      0.0035
   1206.0000      0.0036
   1207.0000      0.0036
   1208.0000      0.0037
   1209.0000      0.0037
   1210.0000      0.0037
   1211.0000      0.0038
   1212.0000      0.0038
   1213.0000      0.0038
   1214.0000      0.0039
   1215.0000      0.0039
   1216.0000      0.0040
   1217.0000      0.0040
   1218.0000      0.0040
   1219.0000      0.0041
   1220.0000      0.0041
   1221.0000      0.0042
   1222.0000      0.0042
   1223.0000      0.0042
   1224.0000      0.0043
   1225.0000      0.0043
   1226.0000      0.0044
   1227.0000      0.0044
   1228.0000      0.0045
   1229.0000      0.0045
   1230.0000      0.0046
   1231.0000      0.0046
   1232.0000      0.0047
   1233.0000      0.0047
   1234.0000      0.0048
   1235.0000      0.0048
   1236.0000      0.0049
   1237.0000      0.0049
   1238.0000      0.0050
   1239.0000      0.0051
   1240.0000      0.0051
   1241.0000      0.0052
   1242.0000      0.0052
   1243.0000      0.0053
   1244.0000      0.0054
   1245.0000      0.0054
   1246.0000      0.0055
   1247.0000      0.0055
   1248.0000      0.0056
   1249.0000      0.0057
   1250.0000      0.0057
   1251.0000      0.0058
   1252.0000      0.0059
   1253.0000      0.0060
   1254.0000      0.0060
   1255.0000      0.0061
   1256.0000      0.0062
   1257.0000      0.0063
   1258.0000      0.0063
   1259.0000      0.0064
   1260.0000      0.0065
   1261.0000      0.0066
   1262.0000      0.0067
   1263.0000      0.0068
   1264.0000      0.0069
   1265.0000      0.0070
   1266.0000      0.0070
   1267.0000      0.0071
   1268.0000      0.0072
   1269.0000      0.0073
   1270.0000      0.0074
   1271.0000      0.0075
   1272.0000      0.0076
   1273.0000      0.0078
   1274.0000      0.0079
   1275.0000      0.0080
   1276.0000      0.0081
   1277.0000      0.0082
   1278.0000      0.0083
   1279.0000      0.0085
   1280.0000      0.0086
   1281.0000      0.0087
   1282.0000      0.0088
   1283.0000      0.0090
   1284.0000      0.0091
   1285.0000      0.0093
   1286.0000      0.0094
   1287.0000      0.0095
   1288.0000      0.0097
   1289.0000      0.0098
   1290.0000      0.0100
   1291.0000      0.0102
   1292.0000      0.0103
   1293.0000      0.0105
   1294.0000      0.0107
   1295.0000      0.0109
   1296.0000      0.0110
   1297.0000      0.0112
   1298.0000      0.0114
   1299.0000      0.0116
   1300.0000      0.0118
   1301.0000      0.0120
   1302.0000      0.0122
   1303.0000      0.0125
   1304.0000      0.0127
   1305.0000      0.0129
   1306.0000      0.0132
   1307.0000      0.0134
   1308.0000      0.0136
   1309.0000      0.0139
   1310.0000      0.0142
   1311.0000      0.0144
   1312.0000      0.0147
   1313.0000      0.0150
   1314.0000      0.0153
   1315.0000      0.0156
   1316.0000      0.0159
   1317.0000      0.0163
   1318.0000      0.0166
   1319.0000      0.0169
   1320.0000      0.0173
   1321.0000      0.0177
   1322.0000      0.0180
   1323.0000      0.0184
   1324.0000      0.0188
   1325.0000      0.0193
   1326.0000      0.0197
   1327.0000      0.0201
   1328.0000      0.0206
   1329.0000      0.0211
   1330.0000      0.0216
   1331.0000      0.0221
   1332.0000      0.0226
   1333.0000      0.0232
   1334.0000      0.0237
   1335.0000      0.0243
   1336.0000      0.0249
   1337.0000      0.0256
   1338.0000      0.0262
   1339.0000      0.0269
   1340.0000      0.0277
   1341.0000      0.0284
   1342.0000      0.0292
   1343.0000      0.0300
   1344.0000      0.0308
   1345.0000      0.0317
   1346.0000      0.0326
   1347.0000      0.0336
   1348.0000      0.0346
   1349.0000      0.0356
   1350.0000      0.0367
   1351.0000      0.0378
   1352.0000      0.0390
   1353.0000      0.0403
   1354.0000      0.0416
   1355.0000      0.0429
   1356.0000      0.0444
   1357.0000      0.0459
   1358.0000      0.0475
   1359.0000      0.0492
   1360.0000      0.0509
   1361.0000      0.0528
   1362.0000      0.0548
   1363.0000      0.0568
   1364.0000      0.0590
   1365.0000      0.0613
   1366.0000      0.0638
   1367.0000      0.0664
   1368.0000      0.0692
   1369.0000      0.0721
   1370.0000      0.0752
   1371.0000      0.0786
   1372.0000      0.0821
   1373.0000      0.0859
   1374.0000      0.0900
   1375.0000      0.0943
   1376.0000      0.0990
   1377.0000      0.1040
   1378.0000      0.1093
   1379.0000      0.1151
   1380.0000      0.1214
   1381.0000      0.1282
   1382.0000      0.1355
   1383.0000      0.1435
   1384.0000      0.1521
   1385.0000      0.1616
   1386.0000      0.1719
   1387.0000      0.1831
   1388.0000      0.1955
   1389.0000      0.2091
   1390.0000      0.2241
   1391.0000      0.2406
   1392.0000      0.2590
   1393.0000      0.2793
   1394.0000      0.3019
   1395.0000      0.3271
   1396.0000      0.3553
   1397.0000      0.3869
   1398.0000      0.4224
   1399.0000      0.4622
   1400.0000      0.5070
   1401.0000      0.5574
   1402.0000      0.6141
   1403.0000      0.6776
   1404.0000      0.7484
   1405.0000      0.8269
   1406.0000      0.9129
   1407.0000      1.0057
   1408.0000      1.1035
   1409.0000      1.2036
   1410.0000      1.3015
   1411.0000      1.3916
   1412.0000      1.4672
   1413.0000      1.5216
   1414.0000      1.5492
   1415.0000      1.5472
   1416.0000      1.5156
   1417.0000      1.4580
   1418.0000      1.3801
   1419.0000      1.2887
   1420.0000      1.1902
   1421.0000      1.0903
   1422.0000      0.9931
   1423.0000      0.9011
   1424.0000      0.8161
   1425.0000      0.7387
   1426.0000      0.6688
   1427.0000      0.6063
   1428.0000      0.5505
   1429.0000      0.5009
   1430.0000      0.4568
   1431.0000      0.4175
   1432.0000      0.3826
   1433.0000      0.3515
   1434.0000      0.3237
   1435.0000      0.2988
   1436.0000      0.2765
   1437.0000      0.2564
   1438.0000      0.2384
   1439.0000      0.2220
   1440.0000      0.2073
   1441.0000      0.1938
   1442.0000      0.1816
   1443.0000      0.1705
   1444.0000      0.1603
   1445.0000      0.1510
   1446.0000      0.1424
   1447.0000      0.1345
   1448.0000      0.1273
   1449.0000      0.1206
   1450.0000      0.1144
   1451.0000      0.1086
   1452.0000      0.1033
   1453.0000      0.0983
   1454.0000      0.0937
   1455.0000      0.0894
   1456.0000      0.0854
   1457.0000      0.0816
   1458.0000      0.0781
   1459.0000      0.0748
   1460.0000      0.0717
   1461.0000      0.0688
   1462.0000      0.0660
   1463.0000      0.0635
   1464.0000      0.0610
   1465.0000      0.0587
   1466.0000      0.0565
   1467.0000      0.0545
   1468.0000      0.0525
   1469.0000      0.0507
   1470.0000      0.0489
   1471.0000      0.0473
   1472.0000      0.0457
   1473.0000      0.0442
   1474.0000      0.0428
   1475.0000      0.0414
   1476.0000      0.0401
   1477.0000      0.0389
   1478.0000      0.0377
   1479.0000      0.0365
   1480.0000      0.0355
   1481.0000      0.0344
   1482.0000      0.0334
   1483.0000      0.0325
   1484.0000      0.0316
   1485.0000      0.0307
   1486.0000      0.0299
   1487.0000      0.0291
   1488.0000      0.0283
   1489.0000      0.0276
   1490.0000      0.0268
   1491.0000      0.0262
   1492.0000      0.0255
   1493.0000      0.0249
   1494.0000      0.0243
   1495.0000      0.0237
   1496.0000      0.0231
   1497.0000      0.0225
   1498.0000      0.0220
   1499.0000      0.0215
   1500.0000      0.0210
   1501.0000      0.0205
   1502.0000      0.0201
   1503.0000      0.0196
   1504.0000      0.0192
   1505.0000      0.0188
   1506.0000      0.0184
   1507.0000      0.0180
   1508.0000      0.0176
   1509.0000      0.0172
   1510.0000      0.0169
   1511.0000      0.0165
   1512.0000      0.0162
   1513.0000      0.0159
   1514.0000      0.0156
   1515.0000      0.0153
   1516.0000      0.0150
   1517.0000      0.0147
   1518.0000      0.0144
   1519.0000      0.0141
   1520.0000      0.0139
   1521.0000      0.0136
   1522.0000      0.0134
   1523.0000      0.0131
   1524.0000      0.0129
   1525.0000      0.0127
   1526.0000      0.0124
   1527.0000      0.0122
   1528.0000      0.0120
   1529.0000      0.0118
   1530.0000      0.0116
   1531.0000      0.0114
   1532.0000      0.0112
   1533.0000      0.0110
   1534.0000      0.0108
   1535.0000      0.0107
   1536.0000      0.0105
   1537.0000      0.0103
   1538.0000      0.0101
   1539.0000      0.0100
   1540.0000      0.0098
   1541.0000      0.0097
   1542.0000      0.0095
   1543.0000      0.0094
   1544.0000      0.0092
   1545.0000      0.0091
   1546.0000      0.0090
   1547.0000      0.0088
   1548.0000      0.0087
   1549.0000      0.0086
   1550.0000      0.0084
   1551.0000      0.0083
   1552.0000      0.0082
   1553.0000      0.0081
   1554.0000      0.0080
   1555.0000      0.0079
   1556.0000      0.0077
   1557.0000      0.0076
   1558.0000      0.0075
   1559.0000      0.0074
   1560.0000      0.0073
   1561.0000      0.0072
   1562.0000      0.0071
   1563.0000      0.0070
   1564.0000      0.0069
   1565.0000      0.0068
   1566.0000      0.0068
   1567.0000      0.0067
   1568.0000      0.0066
   1569.0000      0.0065
   1570.0000      0.0064
   1571.0000      0.0063
   1572.0000      0.0063
   1573.0000      0.0062
   1574.0000      0.0061
   1575.0000      0.0060
   1576.0000      0.0060
   1577.0000      0.0059
   1578.0000      0.0058
   1579.0000      0.0057
   1580.0000      0.0057
   1581.0000      0.0056
   1582.0000      0.0055
   1583.0000      0.0055
   1584.0000      0.0054
   1585.0000      0.0053
   1586.0000      0.0053
   1587.0000      0.0052
   1588.0000      0.0052
   1589.0000      0.0051
   1590.0000      0.0050
   1591.0000      0.0050
   1592.0000      0.0049
   1593.0000      0.0049
   1594.0000      0.0048
   1595.0000      0.0048
   1596.0000      0.0047
   1597.0000      0.0047
   1598.0000      0.0046
   1599.0000      0.0046
   1600.0000      0.0045
   1601.0000      0.0045
   1602.0000      0.0044
   1603.0000      0.0044
   1604.0000      0.0043
   1605.0000      0.0043
   1606.0000      0.0042
   1607.0000      0.0042
   1608.0000      0.0042
   1609.0000      0.0041
   1610.0000      0.0041
   1611.0000      0.0040
   1612.0000      0.0040
   1613.0000      0.0039
   1614.0000      0.0039
   1615.0000      0.0039
   1616.0000      0.0038
   1617.0000      0.0038
   1618.0000      0.0038
   1619.0000      0.0037
   1620.0000      0.0037
   1621.0000      0.0036
   1622.0000      0.0036
   1623.0000      0.0036
   1624.0000      0.0035
   1625.0000      0.0035
   1626.0000      0.0035
   1627.0000      0.0034
   1628.0000      0.0034
   1629.0000      0.0034
   1630.0000      0.0033
   1631.0000      0.0033
   1632.0000      0.0033
   1633.0000      0.0033
   1634.0000      0.0032
   1635.0000      0.0032
   1636.0000      0.0032
   1637.0000      0.0031
   1638.0000      0.0031
   1639.0000      0.0031
   1640.0000      0.0031
   1641.0000      0.0030
   1642.0000      0.0030
   1643.0000      0.0030
   1644.0000      0.0030
   1645.0000      0.0029
   1646.0000      0.0029
   1647.0000      0.0029
   1648.0000      0.0029
   1649.0000      0.0028
   1650.0000      0.0028
   1651.0000      0.0028
   1652.0000      0.0028
   1653.0000      0.0027
   1654.0000      0.0027
   1655.0000      0.0027
   1656.0000      0.0027
   1657.0000      0.0026
   1658.0000      0.0026
   1659.0000      0.0026
   1660.0000      0.0026
   1661.0000      0.0026
   1662.0000      0.0025
   1663.0000      0.0025
   1664.0000      0.0025
   1665.0000      0.0025
   1666.0000      0.0025
   1667.0000      0.0024
   1668.0000      0.0024
   1669.0000      0.0024
   1670.0000      0.0024
   1671.0000      0.0024
   1672.0000      0.0023
   1673.0000      0.0023
   1674.0000      0.0023
   1675.0000      0.0023
   1676.0000      0.0023
   1677.0000      0.0023
   1678.0000      0.0022
   1679.0000      0.0022
   1680.0000      0.0022
   1681.0000      0.0022
   1682.0000      0.0022
   1683.0000      0.0022
   1684.0000      0.0021
   1685.0000      0.0021
   1686.0000      0.0021
   1687.0000      0.0021
   1688.0000      0.0021
   1689.0000      0.0021
   1690.0000      0.0021
   1691.0000      0.0020
   1692.0000      0.0020
   1693.0000      0.0020
   1694.0000      0.0020
   1695.0000      0.0020
   1696.0000      0.0020
   1697.0000      0.0020
   1698.0000      0.0019
   1699.0000      0.0019
   1700.0000      0.0019
   1701.0000      0.0019
   1702.0000      0.0019
   1703.0000      0.0019
   1704.0000      0.0019
   1705.0000      0.0018
   1706.0000      0.0018
   1707.0000      0.0018
   1708.0000      0.0018
   1709.0000      0.0018
   1710.0000      0.0018
   1711.0000      0.0018
   1712.0000      0.0018
   1713.0000      0.0017
   1714.0000      0.0017
   1715.0000      0.0017
   1716.0000      0.0017
   1717.0000      0.0017
   1718.0000      0.0017
   1719.0000      0.0017
   1720.0000      0.0017
   1721.0000      0.0017
   1722.0000      0.0016
   1723.0000      0.0016
   1724.0000      0.0016
   1725.0000      0.0016
   1726.0000      0.0016
   1727.0000      0.0016
   1728.0000      0.0016
   1729.0000      0.0016
   1730.0000      0.0016
   1731.0000      0.0016
   1732.0000      0.0015
   1733.0000      0.0015
   1734.0000      0.0015
   1735.0000      0.0015
   1736.0000      0.0015
   1737.0000      0.0015
   1738.0000      0.0015
   1739.0000      0.0015
   1740.0000      0.0015
   1741.0000      0.0015
   1742.0000      0.0015
   1743.0000      0.0014
   1744.0000      0.0014
   1745.0000      0.0014
   1746.0000      0.0014
   1747.0000      0.0014
   1748.0000      0.0014
   1749.0000      0.0014
   1750.0000      0.0014
   1751.0000      0.0014
   1752.0000      0.0014
   1753.0000      0.0014
   1754.0000      0.0014
   1755.0000      0.0013
   1756.0000      0.0013
   1757.0000      0.0013
   1758.0000      0.0013
   1759.0000      0.0013
   1760.0000      0.0013
   1761.0000      0.0013
   1762.0000      0.0013
   1763.0000      0.0013
   1764.0000      0.0013
   1765.0000      0.0013
   1766.0000      0.0013
   1767.0000      0.0013
   1768.0000      0.0012
   1769.0000      0.0012
   1770.0000      0.0012
   1771.0000      0.0012
   1772.0000      0.0012
   1773.0000      0.0012
   1774.0000      0.0012
   1775.0000      0.0012
   1776.0000      0.0012
   1777.0000      0.0012
   1778.0000      0.0012
   1779.0000      0.0012
   1780.0000      0.0012
   1781.0000      0.0012
   1782.0000      0.0012
   1783.0000      0.0011
   1784.0000      0.0011
   1785.0000      0.0011
   1786.0000      0.0011
   1787.0000      0.0011
   1788.0000      0.0011
   1789.0000      0.0011
   1790.0000      0.0011
   1791.0000      0.0011
   1792.0000      0.0011
   1793.0000      0.0011
   1794.0000      0.0011
   1795.0000      0.0011
   1796.0000      0.0011
   1797.0000      0.0011
   1798.0000      0.0011
   1799.0000      0.0011
   1800.0000      0.0010
   1801.0000      0.0010
   1802.0000      0.0010
   1803.0000      0.0010
   1804.0000      0.0010
   1805.0000      0.0010
   1806.0000      0.0010
   1807.0000      0.0010
   1808.0000      0.0010
   1809.0000      0.0010
   1810.0000      0.0010
   1811.0000      0.0010
   1812.0000      0.0010
   1813.0000      0.0010
   1814.0000      0.0010
   1815.0000      0.0010
   1816.0000      0.0010
   1817.0000      0.0010
   1818.0000      0.0010
   1819.0000      0.0010
   1820.0000      0.0009
   1821.0000      0.0009
   1822.0000      0.0009
   1823.0000      0.0009
   1824.0000      0.0009
   1825.0000      0.0009
   1826.0000      0.0009
   1827.0000      0.0009
   1828.0000      0.0009
   1829.0000      0.0009
   1830.0000      0.0009
   1831.0000      0.0009
   1832.0000      0.0009
   1833.0000      0.0009
   1834.0000      0.0009
   1835.0000      0.0009
   1836.0000      0.0009
   1837.0000      0.0009
   1838.0000      0.0009
   1839.0000      0.0009
   1840.0000      0.0009
   1841.0000      0.0009
   1842.0000      0.0009
   1843.0000      0.0008
   1844.0000      0.0008
   1845.0000      0.0008
   1846.0000      0.0008
   1847.0000      0.0008
   1848.0000      0.0008
   1849.0000      0.0008
   1850.0000      0.0008
   1851.0000      0.0008
   1852.0000      0.0008
   1853.0000      0.0008
   1854.0000      0.0008
   1855.0000      0.0008
   1856.0000      0.0008
   1857.0000      0.0008
   1858.0000      0.0008
   1859.0000      0.0008
   1860.0000      0.0008
   1861.0000      0.0008
   1862.0000      0.0008
   1863.0000      0.0008
   1864.0000      0.0008
   1865.0000      0.0008
   1866.0000      0.0008
   1867.0000      0.0008
   1868.0000      0.0008
   1869.0000      0.0008
   1870.0000      0.0008
   1871.0000      0.0007
   1872.0000      0.0007
   1873.0000      0.0007
   1874.0000      0.0007
   1875.0000      0.0007
   1876.0000      0.0007
   1877.0000      0.0007
   1878.0000      0.0007
   1879.0000      0.0007
   1880.0000      0.0007
   1881.0000      0.0007
   1882.0000      0.0007
   1883.0000      0.0007
   1884.0000      0.0007
   1885.0000      0.0007
   1886.0000      0.0007
   1887.0000      0.0007
   1888.0000      0.0007
   1889.0000      0.0007
   1890.0000      0.0007
   1891.0000      0.0007
   1892.0000      0.0007
   1893.0000      0.0007
   1894.0000      0.0007
   1895.0000      0.0007
   1896.0000      0.0007
   1897.0000      0.0007
   1898.0000      0.0007
   1899.0000      0.0007
   1900.0000      0.0007
   1901.0000      0.0007
   1902.0000      0.0007
   1903.0000      0.0007
   1904.0000      0.0007
   1905.0000      0.0006
   1906.0000      0.0006
   1907.0000      0.0006
   1908.0000      0.0006
   1909.0000      0.0006
   1910.0000      0.0006
   1911.0000      0.0006
   1912.0000      0.0006
   1913.0000      0.0006
   1914.0000      0.0006
   1915.0000      0.0006
   1916.0000      0.0006
   1917.0000      0.0006
   1918.0000      0.0006
   1919.0000      0.0006
   1920.0000      0.0006
   1921.0000      0.0006
   1922.0000      0.0006
   1923.0000      0.0006
   1924.0000      0.0006
   1925.0000      0.0006
   1926.0000      0.0006
   1927.0000      0.0006
   1928.0000      0.0006
   1929.0000      0.0006
   1930.0000      0.0006
   1931.0000      0.0006
   1932.0000      0.0006
   1933.0000      0.0006
   1934.0000      0.0006
   1935.0000      0.0006
   1936.0000      0.0006
   1937.0000      0.0006
   1938.0000      0.0006
   1939.0000      0.0006
   1940.0000      0.0006
   1941.0000      0.0006
   1942.0000      0.0006
   1943.0000      0.0006
   1944.0000      0.0006
   1945.0000      0.0006
   1946.0000      0.0006
   1947.0000      0.0005
   1948.0000      0.0005
   1949.0000      0.0005
   1950.0000      0.0005
   1951.0000      0.0005
   1952.0000      0.0005
   1953.0000      0.0005
   1954.0000      0.0005
   1955.0000      0.0005
   1956.0000      0.0005
   1957.0000      0.0005
   1958.0000      0.0005
   1959.0000      0.0005
   1960.0000      0.0005
   1961.0000      0.0005
   1962.0000      0.0005
   1963.0000      0.0005
   1964.0000      0.0005
   1965.0000      0.0005
   1966.0000      0.0005
   1967.0000      0.0005
   1968.0000      0.0005
   1969.0000      0.0005
   1970.0000      0.0005
   1971.0000      0.0005
   1972.0000      0.0005
   1973.0000      0.0005
   1974.0000      0.0005
   1975.0000      0.0005
   1976.0000      0.0005
   1977.0000      0.0005
   1978.0000      0.0005
   1979.0000      0.0005
   1980.0000      0.0005
   1981.0000      0.0005
   1982.0000      0.0005
   1983.0000      0.0005
   1984.0000      0.0005
   1985.0000      0.0005
   1986.0000      0.0005
   1987.0000      0.0005
   1988.0000      0.0005
   1989.0000      0.0005
   1990.0000      0.0005
   1991.0000      0.0005
   1992.0000      0.0005
   1993.0000      0.0005
   1994.0000      0.0005
   1995.0000      0.0005
   1996.0000      0.0005
   1997.0000      0.0005
   1998.0000      0.0005
   1999.0000      0.0005
   2000.0000      0.0005
   2001.0000      0.0005
   2002.0000      0.0005
   2003.0000      0.0005
   2004.0000      0.0004
   2005.0000      0.0004
   2006.0000      0.0004
   2007.0000      0.0004
   2008.0000      0.0004
   2009.0000      0.0004
   2010.0000      0.0004
   2011.0000      0.0004
   2012.0000      0.0004
   2013.0000      0.0004
   2014.0000      0.0004
   2015.0000      0.0004
   2016.0000      0.0004
   2017.0000      0.0004
   2018.0000      0.0004
   2019.0000      0.0004
   2020.0000      0.0004
   2021.0000      0.0004
   2022.0000      0.0004
   2023.0000      0.0004
   2024.0000      0.0004
   2025.0000      0.0004
   2026.0000      0.0004
   2027.0000      0.0004
   2028.0000      0.0004
   2029.0000      0.0004
   2030.0000      0.0004
   2031.0000      0.0004
   2032.0000      0.0004
   2033.0000      0.0004
   2034.0000      0.0004
   2035.0000      0.0004
   2036.0000      0.0004
   2037.0000      0.0004
   2038.0000      0.0004
   2039.0000      0.0004
   2040.0000      0.0004
   2041.0000      0.0004
   2042.0000      0.0004
   2043.0000      0.0004
   2044.0000      0.0004
   2045.0000      0.0004
   2046.0000      0.0004
   2047.0000      0.0004
   2048.0000      0.0004
   2049.0000      0.0004
   2050.0000      0.0004
   2051.0000      0.0004
   2052.0000      0.0004
   2053.0000      0.0004
   2054.0000      0.0004
   2055.0000      0.0004
   2056.0000      0.0004
   2057.0000      0.0004
   2058.0000      0.0004
   2059.0000      0.0004
   2060.0000      0.0004
   2061.0000      0.0004
   2062.0000      0.0004
   2063.0000      0.0004
   2064.0000      0.0004
   2065.0000      0.0004
   2066.0000      0.0004
   2067.0000      0.0004
   2068.0000      0.0004
   2069.0000      0.0004
   2070.0000      0.0004
   2071.0000      0.0004
   2072.0000      0.0004
   2073.0000      0.0004
   2074.0000      0.0004
   2075.0000      0.0004
   2076.0000      0.0004
   2077.0000      0.0004
   2078.0000      0.0004
   2079.0000      0.0004
   2080.0000      0.0004
   2081.0000      0.0004
   2082.0000      0.0003
   2083.0000      0.0003
   2084.0000      0.0003
   2085.0000      0.0003
   2086.0000      0.0003
   2087.0000      0.0003
   2088.0000      0.0003
   2089.0000      0.0003
   2090.0000      0.0003
   2091.0000      0.0003
   2092.0000      0.0003
   2093.0000      0.0003
   2094.0000      0.0003
   2095.0000      0.0003
   2096.0000      0.0003
   2097.0000      0.0003
   2098.0000      0.0003
   2099.0000      0.0003
   2100.0000      0.0003
   2101.0000      0.0003
   2102.0000      0.0003
   2103.0000      0.0003
   2104.0000      0.0003
   2105.0000      0.0003
   2106.0000      0.0003
   2107.0000      0.0003
   2108.0000      0.0003
   2109.0000      0.0003
   2110.0000      0.0003
   2111.0000      0.0003
   2112.0000      0.0003
   2113.0000      0.0003
   2114.0000      0.0003
   2115.0000      0.0003
   2116.0000      0.0003
   2117.0000      0.0003
   2118.0000      0.0003
   2119.0000      0.0003
   2120.0000      0.0003
   2121.0000      0.0003
   2122.0000      0.0003
   2123.0000      0.0003
   2124.0000      0.0003
   2125.0000      0.0003
   2126.0000      0.0003
   2127.0000      0.0003
   2128.0000      0.0003
   2129.0000      0.0003
   2130.0000      0.0003
   2131.0000      0.0003
   2132.0000      0.0003
   2133.0000      0.0003
   2134.0000      0.0003
   2135.0000      0.0003
   2136.0000      0.0003
   2137.0000      0.0003
   2138.0000      0.0003
   2139.0000      0.0003
   2140.0000      0.0003
   2141.0000      0.0003
   2142.0000      0.0003
   2143.0000      0.0003
   2144.0000      0.0003
   2145.0000      0.0003
   2146.0000      0.0003
   2147.0000      0.0003
   2148.0000      0.0003
   2149.0000      0.0003
   2150.0000      0.0003
   2151.0000      0.0003
   2152.0000      0.0003
   2153.0000      0.0003
   2154.0000      0.0003
   2155.0000      0.0003
   2156.0000      0.0003
   2157.0000      0.0003
   2158.0000      0.0003
   2159.0000      0.0003
   2160.0000      0.0003
   2161.0000      0.0003
   2162.0000      0.0003
   2163.0000      0.0003
   2164.0000      0.0003
   2165.0000      0.0003
   2166.0000      0.0003
   2167.0000      0.0003
   2168.0000      0.0003
   2169.0000      0.0003
   2170.0000      0.0003
   2171.0000      0.0003
   2172.0000      0.0003
   2173.0000      0.0003
   2174.0000      0.0003
   2175.0000      0.0003
   2176.0000      0.0003
   2177.0000      0.0003
   2178.0000      0.0003
   2179.0000      0.0003
   2180.0000      0.0003
   2181.0000      0.0003
   2182.0000      0.0003
   2183.0000      0.0003
   2184.0000      0.0003
   2185.0000      0.0003
   2186.0000      0.0003
   2187.0000      0.0003
   2188.0000      0.0003
   2189.0000      0.0003
   2190.0000      0.0003
   2191.0000      0.0003
   2192.0000      0.0003
   2193.0000      0.0003
   2194.0000      0.0003
   2195.0000      0.0003
   2196.0000      0.0003
   2197.0000      0.0003
   2198.0000      0.0003
   2199.0000      0.0003
   2200.0000      0.0003
   2201.0000      0.0003
   2202.0000      0.0003
   2203.0000      0.0003
   2204.0000      0.0003
   2205.0000      0.0002
   2206.0000      0.0002
   2207.0000      0.0002
   2208.0000      0.0002
   2209.0000      0.0002
   2210.0000      0.0002
   2211.0000      0.0002
   2212.0000      0.0002
   2213.0000      0.0002
   2214.0000      0.0002
   2215.0000      0.0002
   2216.0000      0.0002
   2217.0000      0.0002
   2218.0000      0.0002
   2219.0000      0.0002
   2220.0000      0.0002
   2221.0000      0.0002
   2222.0000      0.0002
   2223.0000      0.0002
   2224.0000      0.0005
   2225.0000      0.0005
   2226.0000      0.0005
   2227.0000      0.0005
   2228.0000      0.0005
   2229.0000      0.0005
   2230.0000      0.0005
   2231.0000      0.0005
   2232.0000      0.0005
   2233.0000      0.0005
   2234.0000      0.0005
   2235.0000      0.0005
   2236.0000      0.0005
   2237.0000      0.0005
   2238.0000      0.0005
   2239.0000      0.0005
   2240.0000      0.0007
   2241.0000      0.0007
   2242.0000      0.0007
   2243.0000      0.0007
   2244.0000      0.0007
   2245.0000      0.0007
   2246.0000      0.0007
   2247.0000      0.0007
   2248.0000      0.0007
   2249.0000      0.0007
   2250.0000      0.0007
   2251.0000      0.0007
   2252.0000      0.0007
   2253.0000      0.0007
   2254.0000      0.0007
   2255.0000      0.0007
   2256.0000      0.0008
   2257.0000      0.0008
   2258.0000      0.0008
   2259.0000      0.0008
   2260.0000      0.0008
   2261.0000      0.0008
   2262.0000      0.0008
   2263.0000      0.0008
   2264.0000      0.0008
   2265.0000      0.0008
   2266.0000      0.0008
   2267.0000      0.0008
   2268.0000      0.0008
   2269.0000      0.0008
   2270.0000      0.0008
   2271.0000      0.0008
   2272.0000      0.0008
   2273.0000      0.0008
   2274.0000      0.0008
   2275.0000      0.0008
   2276.0000      0.0008
   2277.0000      0.0008
   2278.0000      0.0008
   2279.0000      0.0008
   2280.0000      0.0008
   2281.0000      0.0008
   2282.0000      0.0008
   2283.0000      0.0008
   2284.0000      0.0008
   2285.0000      0.0008
   2286.0000      0.0008
   2287.0000      0.0008
   2288.0000      0.0008
   2289.0000      0.0008
   2290.0000      0.0008
   2291.0000      0.0008
   2292.0000      0.0008
   2293.0000      0.0008
   2294.0000      0.0008
   2295.0000      0.0008
   2296.0000      0.0008
   2297.0000      0.0008
   2298.0000      0.0008
   2299.0000      0.0008
   2300.0000      0.0008
   2301.0000      0.0008
   2302.0000      0.0008
   2303.0000      0.0008
   2304.0000      0.0008
   2305.0000      0.0008
   2306.0000      0.0008
   2307.0000      0.0008
   2308.0000      0.0008
   2309.0000      0.0008
   2310.0000      0.0008
   2311.0000      0.0008
   2312.0000      0.0008
   2313.0000      0.0008
   2314.0000      0.0008
   2315.0000      0.0008
   2316.0000      0.0008
   2317.0000      0.0008
   2318.0000      0.0008
   2319.0000      0.0008
   2320.0000      0.0008
   2321.0000      0.0008
   2322.0000      0.0008
   2323.0000      0.0008
   2324.0000      0.0008
   2325.0000      0.0008
   2326.0000      0.0008
   2327.0000      0.0008
   2328.0000      0.0008
   2329.0000      0.0008
   2330.0000      0.0008
   2331.0000      0.0008
   2332.0000      0.0008
   2333.0000      0.0008
   2334.0000      0.0008
   2335.0000      0.0008
   2336.0000      0.0008
   2337.0000      0.0008
   2338.0000      0.0008
   2339.0000      0.0008
   2340.0000      0.0008
   2341.0000      0.0008
   2342.0000      0.0008
   2343.0000      0.0008
   2344.0000      0.0008
   2345.0000      0.0008
   2346.0000      0.0008
   2347.0000      0.0008
   2348.0000      0.0008
   2349.0000      0.0008
   2350.0000      0.0008
   2351.0000      0.0008
   2352.0000      0.0008
   2353.0000      0.0008
   2354.0000      0.0008
   2355.0000      0.0008
   2356.0000      0.0008
   2357.0000      0.0008
   2358.0000      0.0008
   2359.0000      0.0008
   2360.0000      0.0008
   2361.0000      0.0008
   2362.0000      0.0008
   2363.0000      0.0008
   2364.0000      0.0008
   2365.0000      0.0008
   2366.0000      0.0008
   2367.0000      0.0008
   2368.0000      0.0008
   2369.0000      0.0008
   2370.0000      0.0009
   2371.0000      0.0009
   2372.0000      0.0009
   2373.0000      0.0009
   2374.0000      0.0009
   2375.0000      0.0009
   2376.0000      0.0009
   2377.0000      0.0009
   2378.0000      0.0009
   2379.0000      0.0009
   2380.0000      0.0009
   2381.0000      0.0009
   2382.0000      0.0009
   2383.0000      0.0009
   2384.0000      0.0009
   2385.0000      0.0009
   2386.0000      0.0009
   2387.0000      0.0009
   2388.0000      0.0009
   2389.0000      0.0009
   2390.0000      0.0009
   2391.0000      0.0009
   2392.0000      0.0009
   2393.0000      0.0009
   2394.0000      0.0009
   2395.0000      0.0009
   2396.0000      0.0009
   2397.0000      0.0009
   2398.0000      0.0009
   2399.0000      0.0009
   2400.0000      0.0009
   2401.0000      0.0009
   2402.0000      0.0009
   2403.0000      0.0009
   2404.0000      0.0009
   2405.0000      0.0009
   2406.0000      0.0009
   2407.0000      0.0009
   2408.0000      0.0009
   2409.0000      0.0009
   2410.0000      0.0009
   2411.0000      0.0009
   2412.0000      0.0009
   2413.0000      0.0009
   2414.0000      0.0008
   2415.0000      0.0008
   2416.0000      0.0008
   2417.0000      0.0008
   2418.0000      0.0008
   2419.0000      0.0008
   2420.0000      0.0008
   2421.0000      0.0008
   2422.0000      0.0008
   2423.0000      0.0008
   2424.0000      0.0008
   2425.0000      0.0008
   2426.0000      0.0008
   2427.0000      0.0008
   2428.0000      0.0008
   2429.0000      0.0008
   2430.0000      0.0008
   2431.0000      0.0008
   2432.0000      0.0008
   2433.0000      0.0008
   2434.0000      0.0008
   2435.0000      0.0008
   2436.0000      0.0008
   2437.0000      0.0008
   2438.0000      0.0008
   2439.0000      0.0008
   2440.0000      0.0008
   2441.0000      0.0008
   2442.0000      0.0008
   2443.0000      0.0008
   2444.0000      0.0008
   2445.0000      0.0008
   2446.0000      0.0008
   2447.0000      0.0008
   2448.0000      0.0008
   2449.0000      0.0008
   2450.0000      0.0008
   2451.0000      0.0008
   2452.0000      0.0008
   2453.0000      0.0008
   2454.0000      0.0008
   2455.0000      0.0008
   2456.0000      0.0008
   2457.0000      0.0008
   2458.0000      0.0008
   2459.0000      0.0008
   2460.0000      0.0008
   2461.0000      0.0008
   2462.0000      0.0009
   2463.0000      0.0009
   2464.0000      0.0009
   2465.0000      0.0009
   2466.0000      0.0009
   2467.0000      0.0009
   2468.0000      0.0009
   2469.0000      0.0009
   2470.0000      0.0009
   2471.0000      0.0009
   2472.0000      0.0009
   2473.0000      0.0009
   2474.0000      0.0009
   2475.0000      0.0009
   2476.0000      0.0009
   2477.0000      0.0009
   2478.0000      0.0009
   2479.0000      0.0009
   2480.0000      0.0009
   2481.0000      0.0009
   2482.0000      0.0009
   2483.0000      0.0009
   2484.0000      0.0009
   2485.0000      0.0009
   2486.0000      0.0009
   2487.0000      0.0009
   2488.0000      0.0009
   2489.0000      0.0009
   2490.0000      0.0009
   2491.0000      0.0009
   2492.0000      0.0009
   2493.0000      0.0009
   2494.0000      0.0009
   2495.0000      0.0009
   2496.0000      0.0009
   2497.0000      0.0009
   2498.0000      0.0009
   2499.0000      0.0009
   2500.0000      0.0009
   2501.0000      0.0009
   2502.0000      0.0009
   2503.0000      0.0010
   2504.0000      0.0010
   2505.0000      0.0010
   2506.0000      0.0010
   2507.0000      0.0010
   2508.0000      0.0010
   2509.0000      0.0010
   2510.0000      0.0010
   2511.0000      0.0010
   2512.0000      0.0010
   2513.0000      0.0010
   2514.0000      0.0010
   2515.0000      0.0010
   2516.0000      0.0010
   2517.0000      0.0010
   2518.0000      0.0010
   2519.0000      0.0010
   2520.0000      0.0010
   2521.0000      0.0010
   2522.0000      0.0010
   2523.0000      0.0010
   2524.0000      0.0010
   2525.0000      0.0010
   2526.0000      0.0010
   2527.0000      0.0010
   2528.0000      0.0010
   2529.0000      0.0010
   2530.0000      0.0010
   2531.0000      0.0010
   2532.0000      0.0010
   2533.0000      0.0010
   2534.0000      0.0010
   2535.0000      0.0010
   2536.0000      0.0010
   2537.0000      0.0010
   2538.0000      0.0010
   2539.0000      0.0011
   2540.0000      0.0011
   2541.0000      0.0011
   2542.0000      0.0011
   2543.0000      0.0011
   2544.0000      0.0011
   2545.0000      0.0011
   2546.0000      0.0011
   2547.0000      0.0011
   2548.0000      0.0011
   2549.0000      0.0011
   2550.0000      0.0011
   2551.0000      0.0011
   2552.0000      0.0011
   2553.0000      0.0011
   2554.0000      0.0011
   2555.0000      0.0011
   2556.0000      0.0011
   2557.0000      0.0011
   2558.0000      0.0011
   2559.0000      0.0011
   2560.0000      0.0011
   2561.0000      0.0011
   2562.0000      0.0011
   2563.0000      0.0011
   2564.0000      0.0011
   2565.0000      0.0011
   2566.0000      0.0011
   2567.0000      0.0011
   2568.0000      0.0011
   2569.0000      0.0011
   2570.0000      0.0012
   2571.0000      0.0012
   2572.0000      0.0012
   2573.0000      0.0012
   2574.0000      0.0012
   2575.0000      0.0012
   2576.0000      0.0012
   2577.0000      0.0012
   2578.0000      0.0012
   2579.0000      0.0012
   2580.0000      0.0012
   2581.0000      0.0012
   2582.0000      0.0012
   2583.0000      0.0012
   2584.0000      0.0012
   2585.0000      0.0012
   2586.0000      0.0012
   2587.0000      0.0012
   2588.0000      0.0012
   2589.0000      0.0012
   2590.0000      0.0012
   2591.0000      0.0012
   2592.0000      0.0012
   2593.0000      0.0012
   2594.0000      0.0012
   2595.0000      0.0012
   2596.0000      0.0012
   2597.0000      0.0013
   2598.0000      0.0013
   2599.0000      0.0013
   2600.0000      0.0013
   2601.0000      0.0013
   2602.0000      0.0013
   2603.0000      0.0013
   2604.0000      0.0013
   2605.0000      0.0013
   2606.0000      0.0013
   2607.0000      0.0013
   2608.0000      0.0013
   2609.0000      0.0013
   2610.0000      0.0013
   2611.0000      0.0013
   2612.0000      0.0013
   2613.0000      0.0013
   2614.0000      0.0013
   2615.0000      0.0013
   2616.0000      0.0013
   2617.0000      0.0013
   2618.0000      0.0013
   2619.0000      0.0013
   2620.0000      0.0013
   2621.0000      0.0014
   2622.0000      0.0014
   2623.0000      0.0014
   2624.0000      0.0014
   2625.0000      0.0014
   2626.0000      0.0014
   2627.0000      0.0014
   2628.0000      0.0014
   2629.0000      0.0014
   2630.0000      0.0014
   2631.0000      0.0014
   2632.0000      0.0014
   2633.0000      0.0014
   2634.0000      0.0014
   2635.0000      0.0014
   2636.0000      0.0014
   2637.0000      0.0014
   2638.0000      0.0014
   2639.0000      0.0014
   2640.0000      0.0014
   2641.0000      0.0014
   2642.0000      0.0015
   2643.0000      0.0015
   2644.0000      0.0015
   2645.0000      0.0015
   2646.0000      0.0015
   2647.0000      0.0015
   2648.0000      0.0015
   2649.0000      0.0015
   2650.0000      0.0015
   2651.0000      0.0015
   2652.0000      0.0015
   2653.0000      0.0015
   2654.0000      0.0015
   2655.0000      0.0015
   2656.0000      0.0015
   2657.0000      0.0015
   2658.0000      0.0015
   2659.0000      0.0015
   2660.0000      0.0015
   2661.0000      0.0016
   2662.0000      0.0016
   2663.0000      0.0016
   2664.0000      0.0016
   2665.0000      0.0016
   2666.0000      0.0016
   2667.0000      0.0016
   2668.0000      0.0016
   2669.0000      0.0016
   2670.0000      0.0016
   2671.0000      0.0016
   2672.0000      0.0016
   2673.0000      0.0016
   2674.0000      0.0016
   2675.0000      0.0016
   2676.0000      0.0016
   2677.0000      0.0016
   2678.0000      0.0016
   2679.0000      0.0017
   2680.0000      0.0017
   2681.0000      0.0017
   2682.0000      0.0017
   2683.0000      0.0017
   2684.0000      0.0017
   2685.0000      0.0017
   2686.0000      0.0017
   2687.0000      0.0017
   2688.0000      0.0017
   2689.0000      0.0017
   2690.0000      0.0017
   2691.0000      0.0017
   2692.0000      0.0017
   2693.0000      0.0017
   2694.0000      0.0017
   2695.0000      0.0018
   2696.0000      0.0018
   2697.0000      0.0018
   2698.0000      0.0018
   2699.0000      0.0018
   2700.0000      0.0018
   2701.0000      0.0018
   2702.0000      0.0018
   2703.0000      0.0018
   2704.0000      0.0018
   2705.0000      0.0018
   2706.0000      0.0018
   2707.0000      0.0018
   2708.0000      0.0018
   2709.0000      0.0018
   2710.0000      0.0019
   2711.0000      0.0019
   2712.0000      0.0019
   2713.0000      0.0019
   2714.0000      0.0019
   2715.0000      0.0019
   2716.0000      0.0019
   2717.0000      0.0019
   2718.0000      0.0019
   2719.0000      0.0019
   2720.0000      0.0019
   2721.0000      0.0019
   2722.0000      0.0019
   2723.0000      0.0020
   2724.0000      0.0020
   2725.0000      0.0020
   2726.0000      0.0020
   2727.0000      0.0020
   2728.0000      0.0020
   2729.0000      0.0020
   2730.0000      0.0020
   2731.0000      0.0020
   2732.0000      0.0020
   2733.0000      0.0020
   2734.0000      0.0020
   2735.0000      0.0020
   2736.0000      0.0021
   2737.0000      0.0021
   2738.0000      0.0021
   2739.0000      0.0021
   2740.0000      0.0021
   2741.0000      0.0021
   2742.0000      0.0021
   2743.0000      0.0021
   2744.0000      0.0021
   2745.0000      0.0021
   2746.0000      0.0021
   2747.0000      0.0021
   2748.0000      0.0022
   2749.0000      0.0022
   2750.0000      0.0022
   2751.0000      0.0022
   2752.0000      0.0022
   2753.0000      0.0022
   2754.0000      0.0022
   2755.0000      0.0022
   2756.0000      0.0022
   2757.0000      0.0022
   2758.0000      0.0023
   2759.0000      0.0023
   2760.0000      0.0023
   2761.0000      0.0023
   2762.0000      0.0023
   2763.0000      0.0023
   2764.0000      0.0023
   2765.0000      0.0023
   2766.0000      0.0023
   2767.0000      0.0023
   2768.0000      0.0023
   2769.0000      0.0024
   2770.0000      0.0024
   2771.0000      0.0024
   2772.0000      0.0024
   2773.0000      0.0024
   2774.0000      0.0024
   2775.0000      0.0024
   2776.0000      0.0024
   2777.0000      0.0024
   2778.0000      0.0025
   2779.0000      0.0025
   2780.0000      0.0025
   2781.0000      0.0025
   2782.0000      0.0025
   2783.0000      0.0025
   2784.0000      0.0025
   2785.0000      0.0025
   2786.0000      0.0025
   2787.0000      0.0026
   2788.0000      0.0026
   2789.0000      0.0026
   2790.0000      0.0026
   2791.0000      0.0026
   2792.0000      0.0026
   2793.0000      0.0026
   2794.0000      0.0026
   2795.0000      0.0026
   2796.0000      0.0027
   2797.0000      0.0027
   2798.0000      0.0027
   2799.0000      0.0027
   2800.0000      0.0027
   2801.0000      0.0027
   2802.0000      0.0027
   2803.0000      0.0027
   2804.0000      0.0028
   2805.0000      0.0028
   2806.0000      0.0028
   2807.0000      0.0028
   2808.0000      0.0028
   2809.0000      0.0028
   2810.0000      0.0028
   2811.0000      0.0029
   2812.0000      0.0029
   2813.0000      0.0029
   2814.0000      0.0029
   2815.0000      0.0029
   2816.0000      0.0029
   2817.0000      0.0029
   2818.0000      0.0030
   2819.0000      0.0030
   2820.0000      0.0030
   2821.0000      0.0030
   2822.0000      0.0030
   2823.0000      0.0030
   2824.0000      0.0030
   2825.0000      0.0031
   2826.0000      0.0031
   2827.0000      0.0031
   2828.0000      0.0031
   2829.0000      0.0031
   2830.0000      0.0031
   2831.0000      0.0031
   2832.0000      0.0032
   2833.0000      0.0032
   2834.0000      0.0032
   2835.0000      0.0032
   2836.0000      0.0032
   2837.0000      0.0032
   2838.0000      0.0033
   2839.0000      0.0033
   2840.0000      0.0033
   2841.0000      0.0033
   2842.0000      0.0033
   2843.0000      0.0033
   2844.0000      0.0034
   2845.0000      0.0034
   2846.0000      0.0034
   2847.0000      0.0034
   2848.0000      0.0034
   2849.0000      0.0035
   2850.0000      0.0035
   2851.0000      0.0035
   2852.0000      0.0035
   2853.0000      0.0035
   2854.0000      0.0035
   2855.0000      0.0036
   2856.0000      0.0036
   2857.0000      0.0036
   2858.0000      0.0036
   2859.0000      0.0036
   2860.0000      0.0037
   2861.0000      0.0037
   2862.0000      0.0037
   2863.0000      0.0037
   2864.0000      0.0037
   2865.0000      0.0038
   2866.0000      0.0038
   2867.0000      0.0038
   2868.0000      0.0038
   2869.0000      0.0038
   2870.0000      0.0039
   2871.0000      0.0039
   2872.0000      0.0039
   2873.0000      0.0039
   2874.0000      0.0040
   2875.0000      0.0040
   2876.0000      0.0040
   2877.0000      0.0040
   2878.0000      0.0040
   2879.0000      0.0041
   2880.0000      0.0041
   2881.0000      0.0041
   2882.0000      0.0041
   2883.0000      0.0042
   2884.0000      0.0042
   2885.0000      0.0042
   2886.0000      0.0042
   2887.0000      0.0043
   2888.0000      0.0043
   2889.0000      0.0043
   2890.0000      0.0043
   2891.0000      0.0044
   2892.0000      0.0044
   2893.0000      0.0044
   2894.0000      0.0044
   2895.0000      0.0045
   2896.0000      0.0045
   2897.0000      0.0045
   2898.0000      0.0045
   2899.0000      0.0046
   2900.0000      0.0046
   2901.0000      0.0046
   2902.0000      0.0047
   2903.0000      0.0047
   2904.0000      0.0047
   2905.0000      0.0047
   2906.0000      0.0048
   2907.0000      0.0048
   2908.0000      0.0048
   2909.0000      0.0049
   2910.0000      0.0049
   2911.0000      0.0049
   2912.0000      0.0049
   2913.0000      0.0050
   2914.0000      0.0050
   2915.0000      0.0050
   2916.0000      0.0051
   2917.0000      0.0051
   2918.0000      0.0051
   2919.0000      0.0052
   2920.0000      0.0052
   2921.0000      0.0052
   2922.0000      0.0053
   2923.0000      0.0053
   2924.0000      0.0053
   2925.0000      0.0054
   2926.0000      0.0054
   2927.0000      0.0054
   2928.0000      0.0055
   2929.0000      0.0055
   2930.0000      0.0056
   2931.0000      0.0056
   2932.0000      0.0056
   2933.0000      0.0057
   2934.0000      0.0057
   2935.0000      0.0057
   2936.0000      0.0058
   2937.0000      0.0058
   2938.0000      0.0059
   2939.0000      0.0059
   2940.0000      0.0059
   2941.0000      0.0060
   2942.0000      0.0060
   2943.0000      0.0061
   2944.0000      0.0061
   2945.0000      0.0062
   2946.0000      0.0062
   2947.0000      0.0062
   2948.0000      0.0063
   2949.0000      0.0063
   2950.0000      0.0064
   2951.0000      0.0064
   2952.0000      0.0065
   2953.0000      0.0065
   2954.0000      0.0066
   2955.0000      0.0066
   2956.0000      0.0067
   2957.0000      0.0067
   2958.0000      0.0068
   2959.0000      0.0068
   2960.0000      0.0069
   2961.0000      0.0069
   2962.0000      0.0070
   2963.0000      0.0070
   2964.0000      0.0071
   2965.0000      0.0071
   2966.0000      0.0072
   2967.0000      0.0072
   2968.0000      0.0073
   2969.0000      0.0073
   2970.0000      0.0074
   2971.0000      0.0074
   2972.0000      0.0075
   2973.0000      0.0076
   2974.0000      0.0076
   2975.0000      0.0077
   2976.0000      0.0077
   2977.0000      0.0078
   2978.0000      0.0079
   2979.0000      0.0079
   2980.0000      0.0080
   2981.0000      0.0081
   2982.0000      0.0081
   2983.0000      0.0082
   2984.0000      0.0082
   2985.0000      0.0083
   2986.0000      0.0084
   2987.0000      0.0085
   2988.0000      0.0085
   2989.0000      0.0086
   2990.0000      0.0087
   2991.0000      0.0087
   2992.0000      0.0088
   2993.0000      0.0089
   2994.0000      0.0090
   2995.0000      0.0090
   2996.0000      0.0091
   2997.0000      0.0092
   2998.0000      0.0093
   2999.0000      0.0093
   3000.0000      0.0094
   3001.0000      0.0095
   3002.0000      0.0096
   3003.0000      0.0097
   3004.0000      0.0098
   3005.0000      0.0099
   3006.0000      0.0099
   3007.0000      0.0100
   3008.0000      0.0101
   3009.0000      0.0102
   3010.0000      0.0103
   3011.0000      0.0104
   3012.0000      0.0105
   3013.0000      0.0106
   3014.0000      0.0107
   3015.0000      0.0108
   3016.0000      0.0109
   3017.0000      0.0110
   3018.0000      0.0111
   3019.0000      0.0112
   3020.0000      0.0113
   3021.0000      0.0114
   3022.0000      0.0115
   3023.0000      0.0116
   3024.0000      0.0117
   3025.0000      0.0119
   3026.0000      0.0120
   3027.0000      0.0121
   3028.0000      0.0122
   3029.0000      0.0123
   3030.0000      0.0125
   3031.0000      0.0126
   3032.0000      0.0127
   3033.0000      0.0128
   3034.0000      0.0130
   3035.0000      0.0131
   3036.0000      0.0132
   3037.0000      0.0134
   3038.0000      0.0135
   3039.0000      0.0136
   3040.0000      0.0138
   3041.0000      0.0139
   3042.0000      0.0141
   3043.0000      0.0142
   3044.0000      0.0144
   3045.0000      0.0145
   3046.0000      0.0147
   3047.0000      0.0149
   3048.0000      0.0150
   3049.0000      0.0152
   3050.0000      0.0154
   3051.0000      0.0155
   3052.0000      0.0157
   3053.0000      0.0159
   3054.0000      0.0161
   3055.0000      0.0162
   3056.0000      0.0164
   3057.0000      0.0166
   3058.0000      0.0168
   3059.0000      0.0170
   3060.0000      0.0172
   3061.0000      0.0174
   3062.0000      0.0176
   3063.0000      0.0178
   3064.0000      0.0180
   3065.0000      0.0183
   3066.0000      0.0185
   3067.0000      0.0187
   3068.0000      0.0189
   3069.0000      0.0192
   3070.0000      0.0194
   3071.0000      0.0197
   3072.0000      0.0199
   3073.0000      0.0202
   3074.0000      0.0204
   3075.0000      0.0207
   3076.0000      0.0209
   3077.0000      0.0212
   3078.0000      0.0215
   3079.0000      0.0218
   3080.0000      0.0221
   3081.0000      0.0224
   3082.0000      0.0227
   3083.0000      0.0230
   3084.0000      0.0233
   3085.0000      0.0236
   3086.0000      0.0239
   3087.0000      0.0243
   3088.0000      0.0246
   3089.0000      0.0250
   3090.0000      0.0253
   3091.0000      0.0257
   3092.0000      0.0260
   3093.0000      0.0264
   3094.0000      0.0268
   3095.0000      0.0272
   3096.0000      0.0276
   3097.0000      0.0280
   3098.0000      0.0285
   3099.0000      0.0289
   3100.0000      0.0293
   3101.0000      0.0298
   3102.0000      0.0302
   3103.0000      0.0307
   3104.0000      0.0312
   3105.0000      0.0317
   3106.0000      0.0322
   3107.0000      0.0327
   3108.0000      0.0333
   3109.0000      0.0338
   3110.0000      0.0344
   3111.0000      0.0350
   3112.0000      0.0356
   3113.0000      0.0362
   3114.0000      0.0368
   3115.0000      0.0374
   3116.0000      0.0381
   3117.0000      0.0387
   3118.0000      0.0394
   3119.0000      0.0401
   3120.0000      0.0409
   3121.0000      0.0416
   3122.0000      0.0424
   3123.0000      0.0432
   3124.0000      0.0440
   3125.0000      0.0448
   3126.0000      0.0457
   3127.0000      0.0466
   3128.0000      0.0475
   3129.0000      0.0484
   3130.0000      0.0494
   3131.0000      0.0504
   3132.0000      0.0514
   3133.0000      0.0525
   3134.0000      0.0536
   3135.0000      0.0547
   3136.0000      0.0558
   3137.0000      0.0570
   3138.0000      0.0583
   3139.0000      0.0596
   3140.0000      0.0609
   3141.0000      0.0622
   3142.0000      0.0637
   3143.0000      0.0651
   3144.0000      0.0666
   3145.0000      0.0682
   3146.0000      0.0698
   3147.0000      0.0715
   3148.0000      0.0732
   3149.0000      0.0751
   3150.0000      0.0769
   3151.0000      0.0789
   3152.0000      0.0809
   3153.0000      0.0830
   3154.0000      0.0852
   3155.0000      0.0874
   3156.0000      0.0898
   3157.0000      0.0923
   3158.0000      0.0948
   3159.0000      0.0975
   3160.0000      0.1003
   3161.0000      0.1032
   3162.0000      0.1062
   3163.0000      0.1094
   3164.0000      0.1127
   3165.0000      0.1162
   3166.0000      0.1198
   3167.0000      0.1236
   3168.0000      0.1276
   3169.0000      0.1318
   3170.0000      0.1362
   3171.0000      0.1408
   3172.0000      0.1457
   3173.0000      0.1508
   3174.0000      0.1562
   3175.0000      0.1619
   3176.0000      0.1679
   3177.0000      0.1743
   3178.0000      0.1810
   3179.0000      0.1881
   3180.0000      0.1956
   3181.0000      0.2036
   3182.0000      0.2121
   3183.0000      0.2212
   3184.0000      0.2308
   3185.0000      0.2411
   3186.0000      0.2521
   3187.0000      0.2639
   3188.0000      0.2765
   3189.0000      0.2900
   3190.0000      0.3045
   3191.0000      0.3202
   3192.0000      0.3371
   3193.0000      0.3553
   3194.0000      0.3751
   3195.0000      0.3965
   3196.0000      0.4198
   3197.0000      0.4451
   3198.0000      0.4728
   3199.0000      0.5031
   3200.0000      0.5363
   3201.0000      0.5728
   3202.0000      0.6131
   3203.0000      0.6575
   3204.0000      0.7067
   3205.0000      0.7614
   3206.0000      0.8222
   3207.0000      0.8899
   3208.0000      0.9656
   3209.0000      1.0502
   3210.0000      1.1449
   3211.0000      1.2509
   3212.0000      1.3694
   3213.0000      1.5016
   3214.0000      1.6481
   3215.0000      1.8095
   3216.0000      1.9850
   3217.0000      2.1729
   3218.0000      2.3694
   3219.0000      2.5686
   3220.0000      2.7621
   3221.0000      2.9396
   3222.0000      3.0903
   3223.0000      3.2050
   3224.0000      3.2782
   3225.0000      3.3100
   3226.0000      3.3062
   3227.0000      3.2771
   3228.0000      3.2348
   3229.0000      3.1916
   3230.0000      3.1573
   3231.0000      3.1388
   3232.0000      3.1397
   3233.0000      3.1598
   3234.0000      3.1951
   3235.0000      3.2386
   3236.0000      3.2798
   3237.0000      3.3068
   3238.0000      3.3071
   3239.0000      3.2711
   3240.0000      3.1935
   3241.0000      3.0748
   3242.0000      2.9208
   3243.0000      2.7413
   3244.0000      2.5468
   3245.0000      2.3477
   3246.0000      2.1519
   3247.0000      1.9653
   3248.0000      1.7912
   3249.0000      1.6315
   3250.0000      1.4866
   3251.0000      1.3560
   3252.0000      1.2389
   3253.0000      1.1341
   3254.0000      1.0406
   3255.0000      0.9570
   3256.0000      0.8822
   3257.0000      0.8152
   3258.0000      0.7552
   3259.0000      0.7012
   3260.0000      0.6525
   3261.0000      0.6085
   3262.0000      0.5687
   3263.0000      0.5325
   3264.0000      0.4997
   3265.0000      0.4697
   3266.0000      0.4423
   3267.0000      0.4171
   3268.0000      0.3941
   3269.0000      0.3728
   3270.0000      0.3533
   3271.0000      0.3352
   3272.0000      0.3184
   3273.0000      0.3029
   3274.0000      0.2885
   3275.0000      0.2751
   3276.0000      0.2626
   3277.0000      0.2509
   3278.0000      0.2400
   3279.0000      0.2298
   3280.0000      0.2202
   3281.0000      0.2112
   3282.0000      0.2027
   3283.0000      0.1948
   3284.0000      0.1873
   3285.0000      0.1802
   3286.0000      0.1735
   3287.0000      0.1672
   3288.0000      0.1613
   3289.0000      0.1556
   3290.0000      0.1502
   3291.0000      0.1451
   3292.0000      0.1403
   3293.0000      0.1357
   3294.0000      0.1313
   3295.0000      0.1272
   3296.0000      0.1232
   3297.0000      0.1194
   3298.0000      0.1158
   3299.0000      0.1123
   3300.0000      0.1090
   3301.0000      0.1059
   3302.0000      0.1029
   3303.0000      0.1000
   3304.0000      0.0972
   3305.0000      0.0945
   3306.0000      0.0920
   3307.0000      0.0895
   3308.0000      0.0872
   3309.0000      0.0849
   3310.0000      0.0828
   3311.0000      0.0807
   3312.0000      0.0787
   3313.0000      0.0767
   3314.0000      0.0749
   3315.0000      0.0731
   3316.0000      0.0713
   3317.0000      0.0696
   3318.0000      0.0680
   3319.0000      0.0665
   3320.0000      0.0650
   3321.0000      0.0635
   3322.0000      0.0621
   3323.0000      0.0607
   3324.0000      0.0594
   3325.0000      0.0581
   3326.0000      0.0569
   3327.0000      0.0557
   3328.0000      0.0546
   3329.0000      0.0534
   3330.0000      0.0524
   3331.0000      0.0513
   3332.0000      0.0503
   3333.0000      0.0493
   3334.0000      0.0483
   3335.0000      0.0474
   3336.0000      0.0465
   3337.0000      0.0456
   3338.0000      0.0447
   3339.0000      0.0439
   3340.0000      0.0431
   3341.0000      0.0423
   3342.0000      0.0415
   3343.0000      0.0408
   3344.0000      0.0401
   3345.0000      0.0394
   3346.0000      0.0387
   3347.0000      0.0380
   3348.0000      0.0373
   3349.0000      0.0367
   3350.0000      0.0361
   3351.0000      0.0355
   3352.0000      0.0349
   3353.0000      0.0343
   3354.0000      0.0338
   3355.0000      0.0332
   3356.0000      0.0327
   3357.0000      0.0322
   3358.0000      0.0316
   3359.0000      0.0312
   3360.0000      0.0307
   3361.0000      0.0302
   3362.0000      0.0297
   3363.0000      0.0293
   3364.0000      0.0288
   3365.0000      0.0284
   3366.0000      0.0280
   3367.0000      0.0276
   3368.0000      0.0272
   3369.0000      0.0268
   3370.0000      0.0264
   3371.0000      0.0260
   3372.0000      0.0256
   3373.0000      0.0253
   3374.0000      0.0249
   3375.0000      0.0246
   3376.0000      0.0242
   3377.0000      0.0239
   3378.0000      0.0236
   3379.0000      0.0233
   3380.0000      0.0229
   3381.0000      0.0226
   3382.0000      0.0223
   3383.0000      0.0220
   3384.0000      0.0217
   3385.0000      0.0215
   3386.0000      0.0212
   3387.0000      0.0209
   3388.0000      0.0206
   3389.0000      0.0204
   3390.0000      0.0201
   3391.0000      0.0199
   3392.0000      0.0196
   3393.0000      0.0194
   3394.0000      0.0191
   3395.0000      0.0189
   3396.0000      0.0187
   3397.0000      0.0185
   3398.0000      0.0182
   3399.0000      0.0180
   3400.0000      0.0178
   3401.0000      0.0176
   3402.0000      0.0174
   3403.0000      0.0172
   3404.0000      0.0170
   3405.0000      0.0168
   3406.0000      0.0166
   3407.0000      0.0164
   3408.0000      0.0162
   3409.0000      0.0160
   3410.0000      0.0159
   3411.0000      0.0157
   3412.0000      0.0155
   3413.0000      0.0153
   3414.0000      0.0152
   3415.0000      0.0150
   3416.0000      0.0148
   3417.0000      0.0147
   3418.0000      0.0145
   3419.0000      0.0144
   3420.0000      0.0142
   3421.0000      0.0141
   3422.0000      0.0139
   3423.0000      0.0138
   3424.0000      0.0136
   3425.0000      0.0135
   3426.0000      0.0134
   3427.0000      0.0132
   3428.0000      0.0131
   3429.0000      0.0130
   3430.0000      0.0128
   3431.0000      0.0127
   3432.0000      0.0126
   3433.0000      0.0124
   3434.0000      0.0123
   3435.0000      0.0122
   3436.0000      0.0121
   3437.0000      0.0120
   3438.0000      0.0118
   3439.0000      0.0117
   3440.0000      0.0116
   3441.0000      0.0115
   3442.0000      0.0114
   3443.0000      0.0113
   3444.0000      0.0112
   3445.0000      0.0111
   3446.0000      0.0110
   3447.0000      0.0109
   3448.0000      0.0108
   3449.0000      0.0107
   3450.0000      0.0106
   3451.0000      0.0105
   3452.0000      0.0104
   3453.0000      0.0103
   3454.0000      0.0102
   3455.0000      0.0101
   3456.0000      0.0100
   3457.0000      0.0099
   3458.0000      0.0098
   3459.0000      0.0098
   3460.0000      0.0097
   3461.0000      0.0096
   3462.0000      0.0095
   3463.0000      0.0094
   3464.0000      0.0093
   3465.0000      0.0093
   3466.0000      0.0092
   3467.0000      0.0091
   3468.0000      0.0090
   3469.0000      0.0090
   3470.0000      0.0089
   3471.0000      0.0088
   3472.0000      0.0087
   3473.0000      0.0087
   3474.0000      0.0086
   3475.0000      0.0085
   3476.0000      0.0084
   3477.0000      0.0084
   3478.0000      0.0083
   3479.0000      0.0082
   3480.0000      0.0082
   3481.0000      0.0081
   3482.0000      0.0080
   3483.0000      0.0080
   3484.0000      0.0079
   3485.0000      0.0079
   3486.0000      0.0078
   3487.0000      0.0077
   3488.0000      0.0077
   3489.0000      0.0076
   3490.0000      0.0076
   3491.0000      0.0075
   3492.0000      0.0074
   3493.0000      0.0074
   3494.0000      0.0073
   3495.0000      0.0073
   3496.0000      0.0072
   3497.0000      0.0072
   3498.0000      0.0071
   3499.0000      0.0071
   3500.0000      0.0070
   3501.0000      0.0069
   3502.0000      0.0069
   3503.0000      0.0068
   3504.0000      0.0068
   3505.0000      0.0067
   3506.0000      0.0067
   3507.0000      0.0066
   3508.0000      0.0066
   3509.0000      0.0066
   3510.0000      0.0065
   3511.0000      0.0065
   3512.0000      0.0064
   3513.0000      0.0064
   3514.0000      0.0063
   3515.0000      0.0063
   3516.0000      0.0062
   3517.0000      0.0062
   3518.0000      0.0061
   3519.0000      0.0061
   3520.0000      0.0061
   3521.0000      0.0060
   3522.0000      0.0060
   3523.0000      0.0059
   3524.0000      0.0059
   3525.0000      0.0059
   3526.0000      0.0058
   3527.0000      0.0058
   3528.0000      0.0057
   3529.0000      0.0057
   3530.0000      0.0057
   3531.0000      0.0056
   3532.0000      0.0056
   3533.0000      0.0056
   3534.0000      0.0055
   3535.0000      0.0055
   3536.0000      0.0054
   3537.0000      0.0054
   3538.0000      0.0054
   3539.0000      0.0053
   3540.0000      0.0053
   3541.0000      0.0053
   3542.0000      0.0052
   3543.0000      0.0052
   3544.0000      0.0052
   3545.0000      0.0051
   3546.0000      0.0051
   3547.0000      0.0051
   3548.0000      0.0050
   3549.0000      0.0050
   3550.0000      0.0050
   3551.0000      0.0049
   3552.0000      0.0049
   3553.0000      0.0049
   3554.0000      0.0049
   3555.0000      0.0048
   3556.0000      0.0048
   3557.0000      0.0048
   3558.0000      0.0047
   3559.0000      0.0047
   3560.0000      0.0047
   3561.0000      0.0046
   3562.0000      0.0046
   3563.0000      0.0046
   3564.0000      0.0046
   3565.0000      0.0045
   3566.0000      0.0045
   3567.0000      0.0045
   3568.0000      0.0045
   3569.0000      0.0044
   3570.0000      0.0044
   3571.0000      0.0044
   3572.0000      0.0044
   3573.0000      0.0043
   3574.0000      0.0043
   3575.0000      0.0043
   3576.0000      0.0043
   3577.0000      0.0042
   3578.0000      0.0042
   3579.0000      0.0042
   3580.0000      0.0042
   3581.0000      0.0041
   3582.0000      0.0041
   3583.0000      0.0041
   3584.0000      0.0041
   3585.0000      0.0040
   3586.0000      0.0040
   3587.0000      0.0040
   3588.0000      0.0040
   3589.0000      0.0039
   3590.0000      0.0039
   3591.0000      0.0039
   3592.0000      0.0039
   3593.0000      0.0039
   3594.0000      0.0038
   3595.0000      0.0038
   3596.0000      0.0038
   3597.0000      0.0038
   3598.0000      0.0038
   3599.0000      0.0037
   3600.0000      0.0037
   3601.0000      0.0037
   3602.0000      0.0037
   3603.0000      0.0037
   3604.0000      0.0036
   3605.0000      0.0036
   3606.0000      0.0036
   3607.0000      0.0036
   3608.0000      0.0036
   3609.0000      0.0035
   3610.0000      0.0035
   3611.0000      0.0035
   3612.0000      0.0035
   3613.0000      0.0035
   3614.0000      0.0034
   3615.0000      0.0034
   3616.0000      0.0034
   3617.0000      0.0034
   3618.0000      0.0034
   3619.0000      0.0034
   3620.0000      0.0033
   3621.0000      0.0033
   3622.0000      0.0033
   3623.0000      0.0033
   3624.0000      0.0033
   3625.0000      0.0033
   3626.0000      0.0032
   3627.0000      0.0032
   3628.0000      0.0032
   3629.0000      0.0032
   3630.0000      0.0032
   3631.0000      0.0032
   3632.0000      0.0031
   3633.0000      0.0031
   3634.0000      0.0031
   3635.0000      0.0031
   3636.0000      0.0031
   3637.0000      0.0031
   3638.0000      0.0031
   3639.0000      0.0030
   3640.0000      0.0030
   3641.0000      0.0030
   3642.0000      0.0030
   3643.0000      0.0030
   3644.0000      0.0030
   3645.0000      0.0030
   3646.0000      0.0029
   3647.0000      0.0029
   3648.0000      0.0029
   3649.0000      0.0029
   3650.0000      0.0029
   3651.0000      0.0029
   3652.0000      0.0029
   3653.0000      0.0028
   3654.0000      0.0028
   3655.0000      0.0028
   3656.0000      0.0028
   3657.0000      0.0028
   3658.0000      0.0028
   3659.0000      0.0028
   3660.0000      0.0027
   3661.0000      0.0027
   3662.0000      0.0027
   3663.0000      0.0027
   3664.0000      0.0027
   3665.0000      0.0027
   3666.0000      0.0027
   3667.0000      0.0027
   3668.0000      0.0026
   3669.0000      0.0026
   3670.0000      0.0026
   3671.0000      0.0026
   3672.0000      0.0026
   3673.0000      0.0026
   3674.0000      0.0026
   3675.0000      0.0026
   3676.0000      0.0026
   3677.0000      0.0025
   3678.0000      0.0025
   3679.0000      0.0025
   3680.0000      0.0025
   3681.0000      0.0025
   3682.0000      0.0025
   3683.0000      0.0025
   3684.0000      0.0025
   3685.0000      0.0025
   3686.0000      0.0024
   3687.0000      0.0024
   3688.0000      0.0024
   3689.0000      0.0024
   3690.0000      0.0024
   3691.0000      0.0024
   3692.0000      0.0024
   3693.0000      0.0024
   3694.0000      0.0024
   3695.0000      0.0023
   3696.0000      0.0023
   3697.0000      0.0023
   3698.0000      0.0023
   3699.0000      0.0023
   3700.0000      0.0023
   3701.0000      0.0023
   3702.0000      0.0023
   3703.0000      0.0023
   3704.0000      0.0023
   3705.0000      0.0022
   3706.0000      0.0022
   3707.0000      0.0022
   3708.0000      0.0022
   3709.0000      0.0022
   3710.0000      0.0022
   3711.0000      0.0022
   3712.0000      0.0022
   3713.0000      0.0022
   3714.0000      0.0022
   3715.0000      0.0022
   3716.0000      0.0021
   3717.0000      0.0021
   3718.0000      0.0021
   3719.0000      0.0021
   3720.0000      0.0021
   3721.0000      0.0021
   3722.0000      0.0021
   3723.0000      0.0021
   3724.0000      0.0021
   3725.0000      0.0021
   3726.0000      0.0021
   3727.0000      0.0021
   3728.0000      0.0020
   3729.0000      0.0020
   3730.0000      0.0020
   3731.0000      0.0020
   3732.0000      0.0020
   3733.0000      0.0020
   3734.0000      0.0020
   3735.0000      0.0020
   3736.0000      0.0020
   3737.0000      0.0020
   3738.0000      0.0020
   3739.0000      0.0020
   3740.0000      0.0020
   3741.0000      0.0019
   3742.0000      0.0019
   3743.0000      0.0019
   3744.0000      0.0019
   3745.0000      0.0019
   3746.0000      0.0019
   3747.0000      0.0019
   3748.0000      0.0019
   3749.0000      0.0019
   3750.0000      0.0019
   3751.0000      0.0019
   3752.0000      0.0019
   3753.0000      0.0019
   3754.0000      0.0018
   3755.0000      0.0018
   3756.0000      0.0018
   3757.0000      0.0018
   3758.0000      0.0018
   3759.0000      0.0018
   3760.0000      0.0018
   3761.0000      0.0018
   3762.0000      0.0018
   3763.0000      0.0018
   3764.0000      0.0018
   3765.0000      0.0018
   3766.0000      0.0018
   3767.0000      0.0018
   3768.0000      0.0018
   3769.0000      0.0017
   3770.0000      0.0017
   3771.0000      0.0017
   3772.0000      0.0017
   3773.0000      0.0017
   3774.0000      0.0017
   3775.0000      0.0017
   3776.0000      0.0017
   3777.0000      0.0017
   3778.0000      0.0017
   3779.0000      0.0017
   3780.0000      0.0017
   3781.0000      0.0017
   3782.0000      0.0017
   3783.0000      0.0017
   3784.0000      0.0017
   3785.0000      0.0016
   3786.0000      0.0016
   3787.0000      0.0016
   3788.0000      0.0016
   3789.0000      0.0016
   3790.0000      0.0016
   3791.0000      0.0016
   3792.0000      0.0016
   3793.0000      0.0016
   3794.0000      0.0016
   3795.0000      0.0016
   3796.0000      0.0016
   3797.0000      0.0016
   3798.0000      0.0016
   3799.0000      0.0016
   3800.0000      0.0016
   3801.0000      0.0016
   3802.0000      0.0015
   3803.0000      0.0015
   3804.0000      0.0015
   3805.0000      0.0015
   3806.0000      0.0015
   3807.0000      0.0015
   3808.0000      0.0015
   3809.0000      0.0015
   3810.0000      0.0015
   3811.0000      0.0015
   3812.0000      0.0015
   3813.0000      0.0015
   3814.0000      0.0015
   3815.0000      0.0015
   3816.0000      0.0015
   3817.0000      0.0015
   3818.0000      0.0015
   3819.0000      0.0015
   3820.0000      0.0015
   3821.0000      0.0015
   3822.0000      0.0014
   3823.0000      0.0014
   3824.0000      0.0014
   3825.0000      0.0014
   3826.0000      0.0014
   3827.0000      0.0014
   3828.0000      0.0014
   3829.0000      0.0014
   3830.0000      0.0014
   3831.0000      0.0014
   3832.0000      0.0014
   3833.0000      0.0014
   3834.0000      0.0014
   3835.0000      0.0014
   3836.0000      0.0014
   3837.0000      0.0014
   3838.0000      0.0014
   3839.0000      0.0014
   3840.0000      0.0014
   3841.0000      0.0014
   3842.0000      0.0014
   3843.0000      0.0013
   3844.0000      0.0013
   3845.0000      0.0013
   3846.0000      0.0013
   3847.0000      0.0013
   3848.0000      0.0013
   3849.0000      0.0013
   3850.0000      0.0013
   3851.0000      0.0013
   3852.0000      0.0013
   3853.0000      0.0013
   3854.0000      0.0013
   3855.0000      0.0013
   3856.0000      0.0013
   3857.0000      0.0013
   3858.0000      0.0013
   3859.0000      0.0013
   3860.0000      0.0013
   3861.0000      0.0013
   3862.0000      0.0013
   3863.0000      0.0013
   3864.0000      0.0013
   3865.0000      0.0013
   3866.0000      0.0013
   3867.0000      0.0012
   3868.0000      0.0012
   3869.0000      0.0012
   3870.0000      0.0012
   3871.0000      0.0012
   3872.0000      0.0012
   3873.0000      0.0012
   3874.0000      0.0012
   3875.0000      0.0012
   3876.0000      0.0012
   3877.0000      0.0012
   3878.0000      0.0012
   3879.0000      0.0012
   3880.0000      0.0012
   3881.0000      0.0012
   3882.0000      0.0012
   3883.0000      0.0012
   3884.0000      0.0012
   3885.0000      0.0012
   3886.0000      0.0012
   3887.0000      0.0012
   3888.0000      0.0012
   3889.0000      0.0012
   3890.0000      0.0012
   3891.0000      0.0012
   3892.0000      0.0012
   3893.0000      0.0012
   3894.0000      0.0011
   3895.0000      0.0011
   3896.0000      0.0011
   3897.0000      0.0011
   3898.0000      0.0011
   3899.0000      0.0011
   3900.0000      0.0011
   3901.0000      0.0011
   3902.0000      0.0011
   3903.0000      0.0011
   3904.0000      0.0011
   3905.0000      0.0011
   3906.0000      0.0011
   3907.0000      0.0011
   3908.0000      0.0011
   3909.0000      0.0011
   3910.0000      0.0011
   3911.0000      0.0011
   3912.0000      0.0011
   3913.0000      0.0011
   3914.0000      0.0011
   3915.0000      0.0011
   3916.0000      0.0011
   3917.0000      0.0011
   3918.0000      0.0011
   3919.0000      0.0011
   3920.0000      0.0011
   3921.0000      0.0011
   3922.0000      0.0011
   3923.0000      0.0011
   3924.0000      0.0011
   3925.0000      0.0010
   3926.0000      0.0010
   3927.0000      0.0010
   3928.0000      0.0010
   3929.0000      0.0010
   3930.0000      0.0010
   3931.0000      0.0010
   3932.0000      0.0010
   3933.0000      0.0010
   3934.0000      0.0010
   3935.0000      0.0010
   3936.0000      0.0010
   3937.0000      0.0010
   3938.0000      0.0010
   3939.0000      0.0010
   3940.0000      0.0010
   3941.0000      0.0010
   3942.0000      0.0010
   3943.0000      0.0010
   3944.0000      0.0010
   3945.0000      0.0010
   3946.0000      0.0010
   3947.0000      0.0010
   3948.0000      0.0010
   3949.0000      0.0010
   3950.0000      0.0010
   3951.0000      0.0010
   3952.0000      0.0010
   3953.0000      0.0010
   3954.0000      0.0010
   3955.0000      0.0010
   3956.0000      0.0010
   3957.0000      0.0010
   3958.0000      0.0010
   3959.0000      0.0010
   3960.0000      0.0010
   3961.0000      0.0009
   3962.0000      0.0009
   3963.0000      0.0009
   3964.0000      0.0009
   3965.0000      0.0009
   3966.0000      0.0009
   3967.0000      0.0009
   3968.0000      0.0009
   3969.0000      0.0009
   3970.0000      0.0009
   3971.0000      0.0009
   3972.0000      0.0009
   3973.0000      0.0009
   3974.0000      0.0009
   3975.0000      0.0009
   3976.0000      0.0009
   3977.0000      0.0009
   3978.0000      0.0009
   3979.0000      0.0009
   3980.0000      0.0009
   3981.0000      0.0009
   3982.0000      0.0009
   3983.0000      0.0009
   3984.0000      0.0009
   3985.0000      0.0009
   3986.0000      0.0009
   3987.0000      0.0009
   3988.0000      0.0009
   3989.0000      0.0009
   3990.0000      0.0009
   3991.0000      0.0009
   3992.0000      0.0009
   3993.0000      0.0009
   3994.0000      0.0009
   3995.0000      0.0009
   3996.0000      0.0009
   3997.0000      0.0009
   3998.0000      0.0009
   3999.0000      0.0009
