    1    1
    3
   0.11239060E-06   0.12487865E-04   0.39697602E-12
    2    1
    3
  -0.30889379E-14  -0.30091090E-14   0.22456658E-01
    2    2
    3
   0.11274586E-06   0.12518572E-04  -0.13615012E-12
    3    1
    3
  -0.28576071E-01   0.14375004E-06   0.71077279E-16
    3    2
    3
  -0.43116426E-14  -0.12604085E-13   0.94592408E-08
    3    3
    3
   0.21830653E-06  -0.55578374E-03   0.41251116E-12
    4    1
    3
  -0.20265768E-06  -0.28599316E-01  -0.66648544E-15
    4    2
    3
  -0.19181968E-14  -0.17654232E-14  -0.19250551E-04
    4    3
    3
  -0.55131938E-03   0.76862334E-08   0.11992672E-15
    4    4
    3
   0.17545588E-06   0.26944217E-02   0.41293176E-12
    5    1
    3
  -0.17536595E-07  -0.17130019E-05   0.10987667E-12
    5    2
    3
  -0.99066763E-15   0.15635181E-13   0.60609996E-02
    5    3
    3
   0.11623401E-02  -0.24969157E-07   0.15502366E-15
    5    4
    3
   0.17039481E-08   0.11643830E-02  -0.41742458E-15
    5    5
    3
   0.26890836E-06   0.12190319E-04   0.41737004E-12
    6    1
    3
   0.25450265E-05  -0.38965032E-01   0.58230852E-16
    6    2
    3
  -0.55961574E-14   0.39157428E-14  -0.77071588E-05
    6    3
    3
   0.46174507E-02  -0.24562826E-06  -0.41107057E-16
    6    4
    3
  -0.25935122E-06  -0.46376143E-02  -0.63863364E-14
    6    5
    3
   0.12902142E-06  -0.19745406E-02  -0.15921339E-15
    6    6
    3
  -0.10011812E-06   0.79121071E-02   0.39974022E-12
    7    1
    3
  -0.38855135E-01  -0.25113147E-05  -0.34402530E-15
    7    2
    3
   0.34986213E-14  -0.25330815E-15  -0.16234044E-07
    7    3
    3
   0.26190016E-06   0.46274091E-02  -0.64454936E-14
    7    4
    3
   0.46460467E-02  -0.29188121E-06  -0.12878156E-15
    7    5
    3
  -0.19703005E-02  -0.12188211E-06  -0.90486055E-16
    7    6
    3
  -0.13471586E-02   0.21423965E-06  -0.16175681E-16
    7    7
    3
  -0.98916476E-06  -0.13104536E-02   0.39976628E-12
    8    1
    3
  -0.26232488E-07   0.40233862E-03  -0.10998954E-13
    8    2
    3
   0.73117731E-15  -0.32067607E-16  -0.60799483E-03
    8    3
    3
   0.42139969E-01  -0.23901464E-06  -0.55901239E-16
    8    4
    3
   0.73819312E-07   0.58865452E-03  -0.14110613E-14
    8    5
    3
  -0.21525576E-07  -0.55058051E-04   0.88001127E-15
    8    6
    3
  -0.42347121E-07   0.49881345E-03  -0.12088288E-15
    8    7
    3
   0.23967898E-03   0.29847884E-07   0.36219802E-15
    8    8
    3
   0.26945523E-06  -0.11031869E-02   0.42728838E-12
    9    1
    3
   0.31262006E-07   0.12337128E-04   0.11225525E-13
    9    2
    3
  -0.95497629E-15   0.34290522E-14   0.61161634E-03
    9    3
    3
  -0.59889868E-03   0.29069726E-07   0.53982278E-16
    9    4
    3
  -0.21272584E-06  -0.42262674E-01  -0.30958284E-14
    9    5
    3
   0.20091681E-08  -0.42421642E-04  -0.99729096E-15
    9    6
    3
   0.46808260E-07  -0.32479034E-03  -0.98299774E-16
    9    7
    3
  -0.42081040E-03  -0.81712069E-08  -0.14891947E-15
    9    8
    3
  -0.16784245E-07   0.18937159E-04  -0.12237657E-15
    9    9
    3
   0.14791968E-06   0.55252613E-02   0.42779404E-12
   10    1
    3
  -0.55131938E-03   0.76862334E-08   0.11992672E-15
   10    2
    3
  -0.63036880E-15  -0.26956598E-17   0.72481101E-09
   10    3
    3
  -0.30560964E-06  -0.29430745E-01   0.13265374E-14
   10    4
    3
  -0.29372691E-01   0.18417249E-06   0.13646555E-15
   10    5
    3
   0.68368604E-04   0.61935700E-08   0.55200871E-16
   10    6
    3
   0.18979289E-03  -0.87886807E-08  -0.17277080E-16
   10    7
    3
  -0.80451897E-08   0.18982433E-03   0.27805765E-16
   10    8
    3
   0.78469710E-03  -0.24909933E-07  -0.74530678E-16
   10    9
    3
  -0.69332125E-03  -0.77516358E-09  -0.10715500E-16
   10   10
    3
   0.32651097E-06   0.21657076E-02   0.42852593E-12
