 &mol Nat=3 Nfree=3 
      omega= 1625.9276D+00,  3799.6666D+00,  3923.3194D+00 
      Mass = 15.99491       1.00783       1.00783
      x=  0.000000      0.000000      0.117880
          0.000000      0.757299     -0.471522
          0.000000     -0.757299     -0.471522
      L=  0.00000000    0.00000000    0.27234567
          0.00000000   -0.41063472   -0.54248783
          0.00000000    0.41063472   -0.54248783
          0.00000000    0.00000000    0.19427341
          0.00000000    0.57565550   -0.38697502
          0.00000000   -0.57565550   -0.38697502
          0.00000000    0.26975627    0.00000000
          0.00000000   -0.53733001    0.41820120
          0.00000000   -0.53733001   -0.41820120 /
 &sys maxmem=10 /

