 VSCFeth=0.10E-04,VSCFmaxIter=  50,Eth=0.10E-05,Gth=0.10E-05,Fse=   2,eta12th=500.00
 Transformation matrix
  2304
  0.100000000000E+01,  0.000000000000E+00,  0.000000000000E+00,  0.000000000000E+00,  0.000000000000E+00
  0.000000000000E+00,  0.000000000000E+00,  0.000000000000E+00,  0.000000000000E+00,  0.000000000000E+00
  0.000000000000E+00,  0.000000000000E+00,  0.000000000000E+00,  0.000000000000E+00,  0.000000000000E+00
  0.000000000000E+00,  0.000000000000E+00,  0.000000000000E+00,  0.000000000000E+00,  0.000000000000E+00
  0.000000000000E+00,  0.000000000000E+00,  0.000000000000E+00,  0.000000000000E+00,  0.000000000000E+00
  0.000000000000E+00,  0.000000000000E+00,  0.000000000000E+00,  0.000000000000E+00,  0.000000000000E+00
  0.000000000000E+00,  0.000000000000E+00,  0.000000000000E+00,  0.000000000000E+00,  0.000000000000E+00
  0.000000000000E+00,  0.000000000000E+00,  0.000000000000E+00,  0.000000000000E+00,  0.000000000000E+00
  0.000000000000E+00,  0.000000000000E+00,  0.000000000000E+00,  0.000000000000E+00,  0.000000000000E+00
  0.000000000000E+00,  0.000000000000E+00,  0.000000000000E+00,  0.000000000000E+00,  0.100000000000E+01
  0.000000000000E+00,  0.000000000000E+00,  0.000000000000E+00,  0.000000000000E+00,  0.000000000000E+00
  0.000000000000E+00,  0.000000000000E+00,  0.000000000000E+00,  0.000000000000E+00,  0.000000000000E+00
  0.000000000000E+00,  0.000000000000E+00,  0.000000000000E+00,  0.000000000000E+00,  0.000000000000E+00
  0.000000000000E+00,  0.000000000000E+00,  0.000000000000E+00,  0.000000000000E+00,  0.000000000000E+00
  0.000000000000E+00,  0.000000000000E+00,  0.000000000000E+00,  0.000000000000E+00,  0.000000000000E+00
  0.000000000000E+00,  0.000000000000E+00,  0.000000000000E+00,  0.000000000000E+00,  0.000000000000E+00
  0.000000000000E+00,  0.000000000000E+00,  0.000000000000E+00,  0.000000000000E+00,  0.000000000000E+00
  0.000000000000E+00,  0.000000000000E+00,  0.000000000000E+00,  0.000000000000E+00,  0.000000000000E+00
  0.000000000000E+00,  0.000000000000E+00,  0.000000000000E+00,  0.000000000000E+00,  0.000000000000E+00
  0.000000000000E+00,  0.000000000000E+00,  0.000000000000E+00,  0.100000000000E+01,  0.000000000000E+00
  0.000000000000E+00,  0.000000000000E+00,  0.000000000000E+00,  0.000000000000E+00,  0.000000000000E+00
  0.000000000000E+00,  0.000000000000E+00,  0.000000000000E+00,  0.000000000000E+00,  0.000000000000E+00
  0.000000000000E+00,  0.000000000000E+00,  0.000000000000E+00,  0.000000000000E+00,  0.000000000000E+00
  0.000000000000E+00,  0.000000000000E+00,  0.000000000000E+00,  0.000000000000E+00,  0.000000000000E+00
  0.000000000000E+00,  0.000000000000E+00,  0.000000000000E+00,  0.000000000000E+00,  0.000000000000E+00
  0.000000000000E+00,  0.000000000000E+00,  0.000000000000E+00,  0.000000000000E+00,  0.000000000000E+00
  0.000000000000E+00,  0.000000000000E+00,  0.000000000000E+00,  0.000000000000E+00,  0.000000000000E+00
  0.000000000000E+00,  0.000000000000E+00,  0.000000000000E+00,  0.000000000000E+00,  0.000000000000E+00
  0.000000000000E+00,  0.000000000000E+00,  0.000000000000E+00,  0.000000000000E+00,  0.000000000000E+00
  0.000000000000E+00,  0.000000000000E+00,  0.100000000000E+01,  0.000000000000E+00,  0.000000000000E+00
  0.000000000000E+00,  0.000000000000E+00,  0.000000000000E+00,  0.000000000000E+00,  0.000000000000E+00
  0.000000000000E+00,  0.000000000000E+00,  0.000000000000E+00,  0.000000000000E+00,  0.000000000000E+00
  0.000000000000E+00,  0.000000000000E+00,  0.000000000000E+00,  0.000000000000E+00,  0.000000000000E+00
  0.000000000000E+00,  0.000000000000E+00,  0.000000000000E+00,  0.000000000000E+00,  0.000000000000E+00
  0.000000000000E+00,  0.000000000000E+00,  0.000000000000E+00,  0.000000000000E+00,  0.000000000000E+00
  0.000000000000E+00,  0.000000000000E+00,  0.000000000000E+00,  0.000000000000E+00,  0.000000000000E+00
  0.000000000000E+00,  0.000000000000E+00,  0.000000000000E+00,  0.000000000000E+00,  0.000000000000E+00
  0.000000000000E+00,  0.000000000000E+00,  0.000000000000E+00,  0.000000000000E+00,  0.000000000000E+00
  0.000000000000E+00,  0.000000000000E+00,  0.000000000000E+00,  0.000000000000E+00,  0.000000000000E+00
  0.000000000000E+00,  0.100000000000E+01,  0.000000000000E+00,  0.000000000000E+00,  0.000000000000E+00
  0.000000000000E+00,  0.000000000000E+00,  0.000000000000E+00,  0.000000000000E+00,  0.000000000000E+00
  0.000000000000E+00,  0.000000000000E+00,  0.000000000000E+00,  0.000000000000E+00,  0.000000000000E+00
  0.000000000000E+00,  0.000000000000E+00,  0.000000000000E+00,  0.000000000000E+00,  0.000000000000E+00
  0.000000000000E+00,  0.000000000000E+00,  0.000000000000E+00,  0.000000000000E+00,  0.000000000000E+00
  0.000000000000E+00,  0.000000000000E+00,  0.000000000000E+00,  0.000000000000E+00,  0.000000000000E+00
  0.000000000000E+00,  0.000000000000E+00,  0.000000000000E+00,  0.000000000000E+00,  0.000000000000E+00
  0.000000000000E+00,  0.000000000000E+00,  0.000000000000E+00,  0.000000000000E+00,  0.000000000000E+00
  0.000000000000E+00,  0.000000000000E+00,  0.000000000000E+00,  0.000000000000E+00,  0.000000000000E+00
  0.000000000000E+00,  0.000000000000E+00,  0.000000000000E+00,  0.000000000000E+00,  0.000000000000E+00
  0.100000000000E+01,  0.000000000000E+00,  0.000000000000E+00,  0.000000000000E+00,  0.000000000000E+00
  0.000000000000E+00,  0.000000000000E+00,  0.000000000000E+00,  0.000000000000E+00,  0.000000000000E+00
  0.000000000000E+00,  0.000000000000E+00,  0.000000000000E+00,  0.000000000000E+00,  0.000000000000E+00
  0.000000000000E+00,  0.000000000000E+00,  0.000000000000E+00,  0.000000000000E+00,  0.000000000000E+00
  0.000000000000E+00,  0.000000000000E+00,  0.000000000000E+00,  0.000000000000E+00,  0.000000000000E+00
  0.000000000000E+00,  0.000000000000E+00,  0.000000000000E+00,  0.000000000000E+00,  0.000000000000E+00
  0.000000000000E+00,  0.000000000000E+00,  0.000000000000E+00,  0.000000000000E+00,  0.000000000000E+00
  0.000000000000E+00,  0.000000000000E+00,  0.000000000000E+00,  0.000000000000E+00,  0.000000000000E+00
  0.000000000000E+00,  0.000000000000E+00,  0.000000000000E+00,  0.000000000000E+00,  0.000000000000E+00
  0.000000000000E+00,  0.000000000000E+00,  0.000000000000E+00,  0.000000000000E+00,  0.100000000000E+01
  0.000000000000E+00,  0.000000000000E+00,  0.000000000000E+00,  0.000000000000E+00,  0.000000000000E+00
  0.000000000000E+00,  0.000000000000E+00,  0.000000000000E+00,  0.000000000000E+00,  0.000000000000E+00
  0.000000000000E+00,  0.000000000000E+00,  0.000000000000E+00,  0.000000000000E+00,  0.000000000000E+00
  0.000000000000E+00,  0.000000000000E+00,  0.000000000000E+00,  0.000000000000E+00,  0.000000000000E+00
  0.000000000000E+00,  0.000000000000E+00,  0.000000000000E+00,  0.000000000000E+00,  0.000000000000E+00
  0.000000000000E+00,  0.000000000000E+00,  0.000000000000E+00,  0.000000000000E+00,  0.000000000000E+00
  0.000000000000E+00,  0.000000000000E+00,  0.000000000000E+00,  0.000000000000E+00,  0.000000000000E+00
  0.000000000000E+00,  0.000000000000E+00,  0.000000000000E+00,  0.000000000000E+00,  0.000000000000E+00
  0.000000000000E+00,  0.000000000000E+00,  0.000000000000E+00,  0.000000000000E+00,  0.000000000000E+00
  0.000000000000E+00,  0.000000000000E+00,  0.000000000000E+00,  0.100000000000E+01,  0.000000000000E+00
  0.000000000000E+00,  0.000000000000E+00,  0.000000000000E+00,  0.000000000000E+00,  0.000000000000E+00
  0.000000000000E+00,  0.000000000000E+00,  0.000000000000E+00,  0.000000000000E+00,  0.000000000000E+00
  0.000000000000E+00,  0.000000000000E+00,  0.000000000000E+00,  0.000000000000E+00,  0.000000000000E+00
  0.000000000000E+00,  0.000000000000E+00,  0.000000000000E+00,  0.000000000000E+00,  0.000000000000E+00
  0.000000000000E+00,  0.000000000000E+00,  0.000000000000E+00,  0.000000000000E+00,  0.000000000000E+00
  0.000000000000E+00,  0.000000000000E+00,  0.000000000000E+00,  0.000000000000E+00,  0.000000000000E+00
  0.000000000000E+00,  0.000000000000E+00,  0.000000000000E+00,  0.000000000000E+00,  0.000000000000E+00
  0.000000000000E+00,  0.000000000000E+00,  0.000000000000E+00,  0.000000000000E+00,  0.000000000000E+00
  0.000000000000E+00,  0.000000000000E+00,  0.000000000000E+00,  0.000000000000E+00,  0.000000000000E+00
  0.000000000000E+00,  0.000000000000E+00,  0.100000000000E+01,  0.000000000000E+00,  0.000000000000E+00
  0.000000000000E+00,  0.000000000000E+00,  0.000000000000E+00,  0.000000000000E+00,  0.000000000000E+00
  0.000000000000E+00,  0.000000000000E+00,  0.000000000000E+00,  0.000000000000E+00,  0.000000000000E+00
  0.000000000000E+00,  0.000000000000E+00,  0.000000000000E+00,  0.000000000000E+00,  0.000000000000E+00
  0.000000000000E+00,  0.000000000000E+00,  0.000000000000E+00,  0.000000000000E+00,  0.000000000000E+00
  0.000000000000E+00,  0.000000000000E+00,  0.000000000000E+00,  0.000000000000E+00,  0.000000000000E+00
  0.000000000000E+00,  0.000000000000E+00,  0.000000000000E+00,  0.000000000000E+00,  0.000000000000E+00
  0.000000000000E+00,  0.000000000000E+00,  0.000000000000E+00,  0.000000000000E+00,  0.000000000000E+00
  0.000000000000E+00,  0.000000000000E+00,  0.000000000000E+00,  0.000000000000E+00,  0.000000000000E+00
  0.000000000000E+00,  0.000000000000E+00,  0.000000000000E+00,  0.000000000000E+00,  0.000000000000E+00
  0.000000000000E+00,  0.100000000000E+01,  0.000000000000E+00,  0.000000000000E+00,  0.000000000000E+00
  0.000000000000E+00,  0.000000000000E+00,  0.000000000000E+00,  0.000000000000E+00,  0.000000000000E+00
  0.000000000000E+00,  0.000000000000E+00,  0.000000000000E+00,  0.000000000000E+00,  0.000000000000E+00
  0.000000000000E+00,  0.000000000000E+00,  0.000000000000E+00,  0.000000000000E+00,  0.000000000000E+00
  0.000000000000E+00,  0.000000000000E+00,  0.000000000000E+00,  0.000000000000E+00,  0.000000000000E+00
  0.000000000000E+00,  0.000000000000E+00,  0.000000000000E+00,  0.000000000000E+00,  0.000000000000E+00
  0.000000000000E+00,  0.000000000000E+00,  0.000000000000E+00,  0.000000000000E+00,  0.000000000000E+00
  0.000000000000E+00,  0.000000000000E+00,  0.000000000000E+00,  0.000000000000E+00,  0.000000000000E+00
  0.000000000000E+00,  0.000000000000E+00,  0.000000000000E+00,  0.000000000000E+00,  0.000000000000E+00
  0.000000000000E+00,  0.000000000000E+00,  0.000000000000E+00,  0.000000000000E+00,  0.000000000000E+00
  0.100000000000E+01,  0.000000000000E+00,  0.000000000000E+00,  0.000000000000E+00,  0.000000000000E+00
  0.000000000000E+00,  0.000000000000E+00,  0.000000000000E+00,  0.000000000000E+00,  0.000000000000E+00
  0.000000000000E+00,  0.000000000000E+00,  0.000000000000E+00,  0.000000000000E+00,  0.000000000000E+00
  0.000000000000E+00,  0.000000000000E+00,  0.000000000000E+00,  0.000000000000E+00,  0.000000000000E+00
  0.000000000000E+00,  0.000000000000E+00,  0.000000000000E+00,  0.000000000000E+00,  0.000000000000E+00
  0.000000000000E+00,  0.000000000000E+00,  0.000000000000E+00,  0.000000000000E+00,  0.000000000000E+00
  0.000000000000E+00,  0.000000000000E+00,  0.000000000000E+00,  0.000000000000E+00,  0.000000000000E+00
  0.000000000000E+00,  0.000000000000E+00,  0.000000000000E+00,  0.000000000000E+00,  0.000000000000E+00
  0.000000000000E+00,  0.000000000000E+00,  0.000000000000E+00,  0.000000000000E+00,  0.000000000000E+00
  0.000000000000E+00,  0.000000000000E+00,  0.000000000000E+00,  0.000000000000E+00,  0.100000000000E+01
  0.000000000000E+00,  0.000000000000E+00,  0.000000000000E+00,  0.000000000000E+00,  0.000000000000E+00
  0.000000000000E+00,  0.000000000000E+00,  0.000000000000E+00,  0.000000000000E+00,  0.000000000000E+00
  0.000000000000E+00,  0.000000000000E+00,  0.000000000000E+00,  0.000000000000E+00,  0.000000000000E+00
  0.000000000000E+00,  0.000000000000E+00,  0.000000000000E+00,  0.000000000000E+00,  0.000000000000E+00
  0.000000000000E+00,  0.000000000000E+00,  0.000000000000E+00,  0.000000000000E+00,  0.000000000000E+00
  0.000000000000E+00,  0.000000000000E+00,  0.000000000000E+00,  0.000000000000E+00,  0.000000000000E+00
  0.000000000000E+00,  0.000000000000E+00,  0.000000000000E+00,  0.000000000000E+00,  0.000000000000E+00
  0.000000000000E+00,  0.000000000000E+00,  0.000000000000E+00,  0.000000000000E+00,  0.000000000000E+00
  0.000000000000E+00,  0.000000000000E+00,  0.000000000000E+00,  0.000000000000E+00,  0.000000000000E+00
  0.000000000000E+00,  0.000000000000E+00,  0.000000000000E+00,  0.100000000000E+01,  0.000000000000E+00
  0.000000000000E+00,  0.000000000000E+00,  0.000000000000E+00,  0.000000000000E+00,  0.000000000000E+00
  0.000000000000E+00,  0.000000000000E+00,  0.000000000000E+00,  0.000000000000E+00,  0.000000000000E+00
  0.000000000000E+00,  0.000000000000E+00,  0.000000000000E+00,  0.000000000000E+00,  0.000000000000E+00
  0.000000000000E+00,  0.000000000000E+00,  0.000000000000E+00,  0.000000000000E+00,  0.000000000000E+00
  0.000000000000E+00,  0.000000000000E+00,  0.000000000000E+00,  0.000000000000E+00,  0.000000000000E+00
  0.000000000000E+00,  0.000000000000E+00,  0.000000000000E+00,  0.000000000000E+00,  0.000000000000E+00
  0.000000000000E+00,  0.000000000000E+00,  0.000000000000E+00,  0.000000000000E+00,  0.000000000000E+00
  0.000000000000E+00,  0.000000000000E+00,  0.000000000000E+00,  0.000000000000E+00,  0.000000000000E+00
  0.000000000000E+00,  0.000000000000E+00,  0.000000000000E+00,  0.000000000000E+00,  0.000000000000E+00
  0.000000000000E+00,  0.000000000000E+00,  0.100000000000E+01,  0.000000000000E+00,  0.000000000000E+00
  0.000000000000E+00,  0.000000000000E+00,  0.000000000000E+00,  0.000000000000E+00,  0.000000000000E+00
  0.000000000000E+00,  0.000000000000E+00,  0.000000000000E+00,  0.000000000000E+00,  0.000000000000E+00
  0.000000000000E+00,  0.000000000000E+00,  0.000000000000E+00,  0.000000000000E+00,  0.000000000000E+00
  0.000000000000E+00,  0.000000000000E+00,  0.000000000000E+00,  0.000000000000E+00,  0.000000000000E+00
  0.000000000000E+00,  0.000000000000E+00,  0.000000000000E+00,  0.000000000000E+00,  0.000000000000E+00
  0.000000000000E+00,  0.000000000000E+00,  0.000000000000E+00,  0.000000000000E+00,  0.000000000000E+00
  0.000000000000E+00,  0.000000000000E+00,  0.000000000000E+00,  0.000000000000E+00,  0.000000000000E+00
  0.000000000000E+00,  0.000000000000E+00,  0.000000000000E+00,  0.000000000000E+00,  0.000000000000E+00
  0.000000000000E+00,  0.000000000000E+00,  0.000000000000E+00,  0.000000000000E+00,  0.000000000000E+00
  0.000000000000E+00,  0.100000000000E+01,  0.000000000000E+00,  0.000000000000E+00,  0.000000000000E+00
  0.000000000000E+00,  0.000000000000E+00,  0.000000000000E+00,  0.000000000000E+00,  0.000000000000E+00
  0.000000000000E+00,  0.000000000000E+00,  0.000000000000E+00,  0.000000000000E+00,  0.000000000000E+00
  0.000000000000E+00,  0.000000000000E+00,  0.000000000000E+00,  0.000000000000E+00,  0.000000000000E+00
  0.000000000000E+00,  0.000000000000E+00,  0.000000000000E+00,  0.000000000000E+00,  0.000000000000E+00
  0.000000000000E+00,  0.000000000000E+00,  0.000000000000E+00,  0.000000000000E+00,  0.000000000000E+00
  0.000000000000E+00,  0.000000000000E+00,  0.000000000000E+00,  0.000000000000E+00,  0.000000000000E+00
  0.000000000000E+00,  0.000000000000E+00,  0.000000000000E+00,  0.000000000000E+00,  0.000000000000E+00
  0.000000000000E+00,  0.000000000000E+00,  0.000000000000E+00,  0.000000000000E+00,  0.000000000000E+00
  0.000000000000E+00,  0.000000000000E+00,  0.000000000000E+00,  0.000000000000E+00,  0.000000000000E+00
  0.100000000000E+01,  0.000000000000E+00,  0.000000000000E+00,  0.000000000000E+00,  0.000000000000E+00
  0.000000000000E+00,  0.000000000000E+00,  0.000000000000E+00,  0.000000000000E+00,  0.000000000000E+00
  0.000000000000E+00,  0.000000000000E+00,  0.000000000000E+00,  0.000000000000E+00,  0.000000000000E+00
  0.000000000000E+00,  0.000000000000E+00,  0.000000000000E+00,  0.000000000000E+00,  0.000000000000E+00
  0.000000000000E+00,  0.000000000000E+00,  0.000000000000E+00,  0.000000000000E+00,  0.000000000000E+00
  0.000000000000E+00,  0.000000000000E+00,  0.000000000000E+00,  0.000000000000E+00,  0.000000000000E+00
  0.000000000000E+00,  0.000000000000E+00,  0.000000000000E+00,  0.000000000000E+00,  0.000000000000E+00
  0.000000000000E+00,  0.000000000000E+00,  0.000000000000E+00,  0.000000000000E+00,  0.000000000000E+00
  0.000000000000E+00,  0.000000000000E+00,  0.000000000000E+00,  0.000000000000E+00,  0.000000000000E+00
  0.000000000000E+00,  0.000000000000E+00,  0.000000000000E+00,  0.000000000000E+00,  0.100000000000E+01
  0.000000000000E+00,  0.000000000000E+00,  0.000000000000E+00,  0.000000000000E+00,  0.000000000000E+00
  0.000000000000E+00,  0.000000000000E+00,  0.000000000000E+00,  0.000000000000E+00,  0.000000000000E+00
  0.000000000000E+00,  0.000000000000E+00,  0.000000000000E+00,  0.000000000000E+00,  0.000000000000E+00
  0.000000000000E+00,  0.000000000000E+00,  0.000000000000E+00,  0.000000000000E+00,  0.000000000000E+00
  0.000000000000E+00,  0.000000000000E+00,  0.000000000000E+00,  0.000000000000E+00,  0.000000000000E+00
  0.000000000000E+00,  0.000000000000E+00,  0.000000000000E+00,  0.000000000000E+00,  0.000000000000E+00
  0.000000000000E+00,  0.000000000000E+00,  0.000000000000E+00,  0.000000000000E+00,  0.000000000000E+00
  0.000000000000E+00,  0.000000000000E+00,  0.000000000000E+00,  0.000000000000E+00,  0.000000000000E+00
  0.000000000000E+00,  0.000000000000E+00,  0.000000000000E+00,  0.000000000000E+00,  0.000000000000E+00
  0.000000000000E+00,  0.000000000000E+00,  0.000000000000E+00,  0.100000000000E+01,  0.000000000000E+00
  0.000000000000E+00,  0.000000000000E+00,  0.000000000000E+00,  0.000000000000E+00,  0.000000000000E+00
  0.000000000000E+00,  0.000000000000E+00,  0.000000000000E+00,  0.000000000000E+00,  0.000000000000E+00
  0.000000000000E+00,  0.000000000000E+00,  0.000000000000E+00,  0.000000000000E+00,  0.000000000000E+00
  0.000000000000E+00,  0.000000000000E+00,  0.000000000000E+00,  0.000000000000E+00,  0.000000000000E+00
  0.000000000000E+00,  0.000000000000E+00,  0.000000000000E+00,  0.000000000000E+00,  0.000000000000E+00
  0.000000000000E+00,  0.000000000000E+00,  0.000000000000E+00,  0.000000000000E+00,  0.000000000000E+00
  0.000000000000E+00,  0.000000000000E+00,  0.000000000000E+00,  0.000000000000E+00,  0.000000000000E+00
  0.000000000000E+00,  0.000000000000E+00,  0.000000000000E+00,  0.000000000000E+00,  0.000000000000E+00
  0.000000000000E+00,  0.000000000000E+00,  0.000000000000E+00,  0.000000000000E+00,  0.000000000000E+00
  0.000000000000E+00,  0.000000000000E+00,  0.100000000000E+01,  0.000000000000E+00,  0.000000000000E+00
  0.000000000000E+00,  0.000000000000E+00,  0.000000000000E+00,  0.000000000000E+00,  0.000000000000E+00
  0.000000000000E+00,  0.000000000000E+00,  0.000000000000E+00,  0.000000000000E+00,  0.000000000000E+00
  0.000000000000E+00,  0.000000000000E+00,  0.000000000000E+00,  0.000000000000E+00,  0.000000000000E+00
  0.000000000000E+00,  0.000000000000E+00,  0.000000000000E+00,  0.000000000000E+00,  0.000000000000E+00
  0.000000000000E+00,  0.000000000000E+00,  0.000000000000E+00,  0.000000000000E+00,  0.000000000000E+00
  0.000000000000E+00,  0.000000000000E+00,  0.000000000000E+00,  0.000000000000E+00,  0.000000000000E+00
  0.000000000000E+00,  0.000000000000E+00,  0.000000000000E+00,  0.000000000000E+00,  0.000000000000E+00
  0.000000000000E+00,  0.000000000000E+00,  0.000000000000E+00,  0.000000000000E+00,  0.000000000000E+00
  0.000000000000E+00,  0.000000000000E+00,  0.000000000000E+00,  0.000000000000E+00,  0.000000000000E+00
  0.000000000000E+00,  0.100000000000E+01,  0.000000000000E+00,  0.000000000000E+00,  0.000000000000E+00
  0.000000000000E+00,  0.000000000000E+00,  0.000000000000E+00,  0.000000000000E+00,  0.000000000000E+00
  0.000000000000E+00,  0.000000000000E+00,  0.000000000000E+00,  0.000000000000E+00,  0.000000000000E+00
  0.000000000000E+00,  0.000000000000E+00,  0.000000000000E+00,  0.000000000000E+00,  0.000000000000E+00
  0.000000000000E+00,  0.000000000000E+00,  0.000000000000E+00,  0.000000000000E+00,  0.000000000000E+00
  0.000000000000E+00,  0.000000000000E+00,  0.000000000000E+00,  0.000000000000E+00,  0.000000000000E+00
  0.000000000000E+00,  0.000000000000E+00,  0.000000000000E+00,  0.000000000000E+00,  0.000000000000E+00
  0.000000000000E+00,  0.000000000000E+00,  0.000000000000E+00,  0.000000000000E+00,  0.000000000000E+00
  0.000000000000E+00,  0.000000000000E+00,  0.000000000000E+00,  0.000000000000E+00,  0.000000000000E+00
  0.000000000000E+00,  0.000000000000E+00,  0.000000000000E+00,  0.000000000000E+00,  0.000000000000E+00
  0.100000000000E+01,  0.000000000000E+00,  0.000000000000E+00,  0.000000000000E+00,  0.000000000000E+00
  0.000000000000E+00,  0.000000000000E+00,  0.000000000000E+00,  0.000000000000E+00,  0.000000000000E+00
  0.000000000000E+00,  0.000000000000E+00,  0.000000000000E+00,  0.000000000000E+00,  0.000000000000E+00
  0.000000000000E+00,  0.000000000000E+00,  0.000000000000E+00,  0.000000000000E+00,  0.000000000000E+00
  0.000000000000E+00,  0.000000000000E+00,  0.000000000000E+00,  0.000000000000E+00,  0.000000000000E+00
  0.000000000000E+00,  0.000000000000E+00,  0.000000000000E+00,  0.000000000000E+00,  0.000000000000E+00
  0.000000000000E+00,  0.000000000000E+00,  0.000000000000E+00,  0.000000000000E+00,  0.000000000000E+00
  0.000000000000E+00,  0.000000000000E+00,  0.000000000000E+00,  0.000000000000E+00,  0.000000000000E+00
  0.000000000000E+00,  0.000000000000E+00,  0.000000000000E+00,  0.000000000000E+00,  0.000000000000E+00
  0.000000000000E+00,  0.000000000000E+00,  0.000000000000E+00,  0.000000000000E+00,  0.100000000000E+01
  0.000000000000E+00,  0.000000000000E+00,  0.000000000000E+00,  0.000000000000E+00,  0.000000000000E+00
  0.000000000000E+00,  0.000000000000E+00,  0.000000000000E+00,  0.000000000000E+00,  0.000000000000E+00
  0.000000000000E+00,  0.000000000000E+00,  0.000000000000E+00,  0.000000000000E+00,  0.000000000000E+00
  0.000000000000E+00,  0.000000000000E+00,  0.000000000000E+00,  0.000000000000E+00,  0.000000000000E+00
  0.000000000000E+00,  0.000000000000E+00,  0.000000000000E+00,  0.000000000000E+00,  0.000000000000E+00
  0.000000000000E+00,  0.000000000000E+00,  0.000000000000E+00,  0.000000000000E+00,  0.000000000000E+00
  0.000000000000E+00,  0.000000000000E+00,  0.000000000000E+00,  0.000000000000E+00,  0.000000000000E+00
  0.000000000000E+00,  0.000000000000E+00,  0.000000000000E+00,  0.000000000000E+00,  0.000000000000E+00
  0.000000000000E+00,  0.000000000000E+00,  0.000000000000E+00,  0.000000000000E+00,  0.000000000000E+00
  0.000000000000E+00,  0.000000000000E+00,  0.000000000000E+00,  0.100000000000E+01,  0.000000000000E+00
  0.000000000000E+00,  0.000000000000E+00,  0.000000000000E+00,  0.000000000000E+00,  0.000000000000E+00
  0.000000000000E+00,  0.000000000000E+00,  0.000000000000E+00,  0.000000000000E+00,  0.000000000000E+00
  0.000000000000E+00,  0.000000000000E+00,  0.000000000000E+00,  0.000000000000E+00,  0.000000000000E+00
  0.000000000000E+00,  0.000000000000E+00,  0.000000000000E+00,  0.000000000000E+00,  0.000000000000E+00
  0.000000000000E+00,  0.000000000000E+00,  0.000000000000E+00,  0.000000000000E+00,  0.000000000000E+00
  0.000000000000E+00,  0.000000000000E+00,  0.000000000000E+00,  0.000000000000E+00,  0.000000000000E+00
  0.000000000000E+00,  0.000000000000E+00,  0.000000000000E+00,  0.000000000000E+00,  0.000000000000E+00
  0.000000000000E+00,  0.000000000000E+00,  0.000000000000E+00,  0.000000000000E+00,  0.000000000000E+00
  0.000000000000E+00,  0.000000000000E+00,  0.000000000000E+00,  0.000000000000E+00,  0.000000000000E+00
  0.000000000000E+00,  0.000000000000E+00,  0.100000000000E+01,  0.000000000000E+00,  0.000000000000E+00
  0.000000000000E+00,  0.000000000000E+00,  0.000000000000E+00,  0.000000000000E+00,  0.000000000000E+00
  0.000000000000E+00,  0.000000000000E+00,  0.000000000000E+00,  0.000000000000E+00,  0.000000000000E+00
  0.000000000000E+00,  0.000000000000E+00,  0.000000000000E+00,  0.000000000000E+00,  0.000000000000E+00
  0.000000000000E+00,  0.000000000000E+00,  0.000000000000E+00,  0.000000000000E+00,  0.000000000000E+00
  0.000000000000E+00,  0.000000000000E+00,  0.000000000000E+00,  0.000000000000E+00,  0.000000000000E+00
  0.000000000000E+00,  0.000000000000E+00,  0.000000000000E+00,  0.000000000000E+00,  0.000000000000E+00
  0.000000000000E+00,  0.000000000000E+00,  0.000000000000E+00,  0.000000000000E+00,  0.000000000000E+00
  0.000000000000E+00,  0.000000000000E+00,  0.000000000000E+00,  0.000000000000E+00,  0.000000000000E+00
  0.000000000000E+00,  0.000000000000E+00,  0.000000000000E+00,  0.000000000000E+00,  0.000000000000E+00
  0.000000000000E+00,  0.100000000000E+01,  0.000000000000E+00,  0.000000000000E+00,  0.000000000000E+00
  0.000000000000E+00,  0.000000000000E+00,  0.000000000000E+00,  0.000000000000E+00,  0.000000000000E+00
  0.000000000000E+00,  0.000000000000E+00,  0.000000000000E+00,  0.000000000000E+00,  0.000000000000E+00
  0.000000000000E+00,  0.000000000000E+00,  0.000000000000E+00,  0.000000000000E+00,  0.000000000000E+00
  0.000000000000E+00,  0.000000000000E+00,  0.000000000000E+00,  0.000000000000E+00,  0.000000000000E+00
  0.000000000000E+00,  0.000000000000E+00,  0.000000000000E+00,  0.000000000000E+00,  0.000000000000E+00
  0.000000000000E+00,  0.000000000000E+00,  0.000000000000E+00,  0.000000000000E+00,  0.000000000000E+00
  0.000000000000E+00,  0.000000000000E+00,  0.000000000000E+00,  0.000000000000E+00,  0.000000000000E+00
  0.000000000000E+00,  0.000000000000E+00,  0.000000000000E+00,  0.000000000000E+00,  0.000000000000E+00
  0.000000000000E+00,  0.000000000000E+00,  0.000000000000E+00,  0.000000000000E+00,  0.000000000000E+00
  0.100000000000E+01,  0.000000000000E+00,  0.000000000000E+00,  0.000000000000E+00,  0.000000000000E+00
  0.000000000000E+00,  0.000000000000E+00,  0.000000000000E+00,  0.000000000000E+00,  0.000000000000E+00
  0.000000000000E+00,  0.000000000000E+00,  0.000000000000E+00,  0.000000000000E+00,  0.000000000000E+00
  0.000000000000E+00,  0.000000000000E+00,  0.000000000000E+00,  0.000000000000E+00,  0.000000000000E+00
  0.000000000000E+00,  0.000000000000E+00,  0.000000000000E+00,  0.000000000000E+00,  0.000000000000E+00
  0.000000000000E+00,  0.000000000000E+00,  0.000000000000E+00,  0.000000000000E+00,  0.000000000000E+00
  0.000000000000E+00,  0.000000000000E+00,  0.000000000000E+00,  0.000000000000E+00,  0.000000000000E+00
  0.000000000000E+00,  0.000000000000E+00,  0.000000000000E+00,  0.000000000000E+00,  0.000000000000E+00
  0.000000000000E+00,  0.000000000000E+00,  0.000000000000E+00,  0.000000000000E+00,  0.000000000000E+00
  0.000000000000E+00,  0.000000000000E+00,  0.000000000000E+00,  0.000000000000E+00,  0.100000000000E+01
  0.000000000000E+00,  0.000000000000E+00,  0.000000000000E+00,  0.000000000000E+00,  0.000000000000E+00
  0.000000000000E+00,  0.000000000000E+00,  0.000000000000E+00,  0.000000000000E+00,  0.000000000000E+00
  0.000000000000E+00,  0.000000000000E+00,  0.000000000000E+00,  0.000000000000E+00,  0.000000000000E+00
  0.000000000000E+00,  0.000000000000E+00,  0.000000000000E+00,  0.000000000000E+00,  0.000000000000E+00
  0.000000000000E+00,  0.000000000000E+00,  0.000000000000E+00,  0.000000000000E+00,  0.000000000000E+00
  0.000000000000E+00,  0.000000000000E+00,  0.000000000000E+00,  0.000000000000E+00,  0.000000000000E+00
  0.000000000000E+00,  0.000000000000E+00,  0.000000000000E+00,  0.000000000000E+00,  0.000000000000E+00
  0.000000000000E+00,  0.000000000000E+00,  0.000000000000E+00,  0.000000000000E+00,  0.000000000000E+00
  0.000000000000E+00,  0.000000000000E+00,  0.000000000000E+00,  0.000000000000E+00,  0.000000000000E+00
  0.000000000000E+00,  0.000000000000E+00,  0.000000000000E+00,  0.100000000000E+01,  0.000000000000E+00
  0.000000000000E+00,  0.000000000000E+00,  0.000000000000E+00,  0.000000000000E+00,  0.000000000000E+00
  0.000000000000E+00,  0.000000000000E+00,  0.000000000000E+00,  0.000000000000E+00,  0.000000000000E+00
  0.000000000000E+00,  0.000000000000E+00,  0.000000000000E+00,  0.000000000000E+00,  0.000000000000E+00
  0.000000000000E+00,  0.000000000000E+00,  0.000000000000E+00,  0.000000000000E+00,  0.000000000000E+00
  0.000000000000E+00,  0.000000000000E+00,  0.000000000000E+00,  0.000000000000E+00,  0.000000000000E+00
  0.000000000000E+00,  0.000000000000E+00,  0.000000000000E+00,  0.000000000000E+00,  0.000000000000E+00
  0.000000000000E+00,  0.000000000000E+00,  0.000000000000E+00,  0.000000000000E+00,  0.000000000000E+00
  0.000000000000E+00,  0.000000000000E+00,  0.000000000000E+00,  0.000000000000E+00,  0.000000000000E+00
  0.000000000000E+00,  0.000000000000E+00,  0.000000000000E+00,  0.000000000000E+00,  0.000000000000E+00
  0.000000000000E+00,  0.000000000000E+00,  0.100000000000E+01,  0.000000000000E+00,  0.000000000000E+00
  0.000000000000E+00,  0.000000000000E+00,  0.000000000000E+00,  0.000000000000E+00,  0.000000000000E+00
  0.000000000000E+00,  0.000000000000E+00,  0.000000000000E+00,  0.000000000000E+00,  0.000000000000E+00
  0.000000000000E+00,  0.000000000000E+00,  0.000000000000E+00,  0.000000000000E+00,  0.000000000000E+00
  0.000000000000E+00,  0.000000000000E+00,  0.000000000000E+00,  0.000000000000E+00,  0.000000000000E+00
  0.000000000000E+00,  0.000000000000E+00,  0.000000000000E+00,  0.000000000000E+00,  0.000000000000E+00
  0.000000000000E+00,  0.000000000000E+00,  0.000000000000E+00,  0.000000000000E+00,  0.000000000000E+00
  0.000000000000E+00,  0.000000000000E+00,  0.000000000000E+00,  0.000000000000E+00,  0.000000000000E+00
  0.000000000000E+00,  0.000000000000E+00,  0.000000000000E+00,  0.000000000000E+00,  0.000000000000E+00
  0.000000000000E+00,  0.000000000000E+00,  0.000000000000E+00,  0.000000000000E+00,  0.000000000000E+00
  0.000000000000E+00,  0.100000000000E+01,  0.000000000000E+00,  0.000000000000E+00,  0.000000000000E+00
  0.000000000000E+00,  0.000000000000E+00,  0.000000000000E+00,  0.000000000000E+00,  0.000000000000E+00
  0.000000000000E+00,  0.000000000000E+00,  0.000000000000E+00,  0.000000000000E+00,  0.000000000000E+00
  0.000000000000E+00,  0.000000000000E+00,  0.000000000000E+00,  0.000000000000E+00,  0.000000000000E+00
  0.000000000000E+00,  0.000000000000E+00,  0.000000000000E+00,  0.000000000000E+00,  0.000000000000E+00
  0.000000000000E+00,  0.000000000000E+00,  0.000000000000E+00,  0.000000000000E+00,  0.000000000000E+00
  0.000000000000E+00,  0.000000000000E+00,  0.000000000000E+00,  0.000000000000E+00,  0.000000000000E+00
  0.000000000000E+00,  0.000000000000E+00,  0.000000000000E+00,  0.000000000000E+00,  0.000000000000E+00
  0.000000000000E+00,  0.000000000000E+00,  0.000000000000E+00,  0.000000000000E+00,  0.000000000000E+00
  0.000000000000E+00,  0.000000000000E+00,  0.000000000000E+00,  0.000000000000E+00,  0.000000000000E+00
  0.826048748365E+00, -0.109020940517E+00,  0.541976041685E+00, -0.572025668171E-01,  0.384155649906E-01
 -0.852759098985E-01,  0.000000000000E+00,  0.000000000000E+00,  0.000000000000E+00,  0.000000000000E+00
  0.000000000000E+00,  0.000000000000E+00,  0.000000000000E+00,  0.000000000000E+00,  0.000000000000E+00
  0.000000000000E+00,  0.000000000000E+00,  0.000000000000E+00,  0.000000000000E+00,  0.000000000000E+00
  0.000000000000E+00,  0.000000000000E+00,  0.000000000000E+00,  0.000000000000E+00,  0.000000000000E+00
  0.000000000000E+00,  0.000000000000E+00,  0.000000000000E+00,  0.000000000000E+00,  0.000000000000E+00
  0.000000000000E+00,  0.000000000000E+00,  0.000000000000E+00,  0.000000000000E+00,  0.000000000000E+00
  0.000000000000E+00,  0.000000000000E+00,  0.000000000000E+00,  0.000000000000E+00,  0.000000000000E+00
  0.000000000000E+00,  0.000000000000E+00,  0.000000000000E+00,  0.000000000000E+00,  0.000000000000E+00
  0.000000000000E+00,  0.000000000000E+00,  0.000000000000E+00, -0.670168519062E-01,  0.899154230574E+00
  0.288318846241E+00, -0.957921905332E-01, -0.305229188968E+00, -0.395177496703E-01,  0.000000000000E+00
  0.000000000000E+00,  0.000000000000E+00,  0.000000000000E+00,  0.000000000000E+00,  0.000000000000E+00
  0.000000000000E+00,  0.000000000000E+00,  0.000000000000E+00,  0.000000000000E+00,  0.000000000000E+00
  0.000000000000E+00,  0.000000000000E+00,  0.000000000000E+00,  0.000000000000E+00,  0.000000000000E+00
  0.000000000000E+00,  0.000000000000E+00,  0.000000000000E+00,  0.000000000000E+00,  0.000000000000E+00
  0.000000000000E+00,  0.000000000000E+00,  0.000000000000E+00,  0.000000000000E+00,  0.000000000000E+00
  0.000000000000E+00,  0.000000000000E+00,  0.000000000000E+00,  0.000000000000E+00,  0.000000000000E+00
  0.000000000000E+00,  0.000000000000E+00,  0.000000000000E+00,  0.000000000000E+00,  0.000000000000E+00
  0.000000000000E+00,  0.000000000000E+00,  0.000000000000E+00,  0.000000000000E+00,  0.000000000000E+00
  0.000000000000E+00, -0.553342742341E+00, -0.303909255118E+00,  0.754112474894E+00, -0.168705887988E+00
  0.000000000000E+00, -0.656023834921E-01,  0.000000000000E+00,  0.000000000000E+00,  0.000000000000E+00
  0.000000000000E+00,  0.000000000000E+00,  0.000000000000E+00,  0.000000000000E+00,  0.000000000000E+00
  0.000000000000E+00,  0.000000000000E+00,  0.000000000000E+00,  0.000000000000E+00,  0.000000000000E+00
  0.000000000000E+00,  0.000000000000E+00,  0.000000000000E+00,  0.000000000000E+00,  0.000000000000E+00
  0.000000000000E+00,  0.000000000000E+00,  0.000000000000E+00,  0.000000000000E+00,  0.000000000000E+00
  0.000000000000E+00,  0.000000000000E+00,  0.000000000000E+00,  0.000000000000E+00,  0.000000000000E+00
  0.000000000000E+00,  0.000000000000E+00,  0.000000000000E+00,  0.000000000000E+00,  0.000000000000E+00
  0.000000000000E+00,  0.000000000000E+00,  0.000000000000E+00,  0.000000000000E+00,  0.000000000000E+00
  0.000000000000E+00,  0.000000000000E+00,  0.000000000000E+00,  0.000000000000E+00, -0.408894007828E-01
  0.299033033958E-01,  0.215637401762E+00,  0.927017348708E+00, -0.291700082425E-01,  0.301201437787E+00
  0.000000000000E+00,  0.000000000000E+00,  0.000000000000E+00,  0.000000000000E+00,  0.000000000000E+00
  0.000000000000E+00,  0.000000000000E+00,  0.000000000000E+00,  0.000000000000E+00,  0.000000000000E+00
  0.000000000000E+00,  0.000000000000E+00,  0.000000000000E+00,  0.000000000000E+00,  0.000000000000E+00
  0.000000000000E+00,  0.000000000000E+00,  0.000000000000E+00,  0.000000000000E+00,  0.000000000000E+00
  0.000000000000E+00,  0.000000000000E+00,  0.000000000000E+00,  0.000000000000E+00,  0.000000000000E+00
  0.000000000000E+00,  0.000000000000E+00,  0.000000000000E+00,  0.000000000000E+00,  0.000000000000E+00
  0.000000000000E+00,  0.000000000000E+00,  0.000000000000E+00,  0.000000000000E+00,  0.000000000000E+00
  0.000000000000E+00,  0.000000000000E+00,  0.000000000000E+00,  0.000000000000E+00,  0.000000000000E+00
  0.000000000000E+00,  0.000000000000E+00, -0.561284970724E-01,  0.293892626146E+00,  0.772542485937E-01
  0.000000000000E+00,  0.951056516295E+00,  0.000000000000E+00,  0.000000000000E+00,  0.000000000000E+00
  0.000000000000E+00,  0.000000000000E+00,  0.000000000000E+00,  0.000000000000E+00,  0.000000000000E+00
  0.000000000000E+00,  0.000000000000E+00,  0.000000000000E+00,  0.000000000000E+00,  0.000000000000E+00
  0.000000000000E+00,  0.000000000000E+00,  0.000000000000E+00,  0.000000000000E+00,  0.000000000000E+00
  0.000000000000E+00,  0.000000000000E+00,  0.000000000000E+00,  0.000000000000E+00,  0.000000000000E+00
  0.000000000000E+00,  0.000000000000E+00,  0.000000000000E+00,  0.000000000000E+00,  0.000000000000E+00
  0.000000000000E+00,  0.000000000000E+00,  0.000000000000E+00,  0.000000000000E+00,  0.000000000000E+00
  0.000000000000E+00,  0.000000000000E+00,  0.000000000000E+00,  0.000000000000E+00,  0.000000000000E+00
  0.000000000000E+00,  0.000000000000E+00,  0.000000000000E+00,  0.000000000000E+00,  0.000000000000E+00
  0.462781277121E-01, -0.286104304355E-02,  0.445070824191E-01, -0.315798798502E+00,  0.000000000000E+00
  0.946646918237E+00,  0.000000000000E+00,  0.000000000000E+00,  0.000000000000E+00,  0.000000000000E+00
  0.000000000000E+00,  0.000000000000E+00,  0.000000000000E+00,  0.000000000000E+00,  0.000000000000E+00
  0.000000000000E+00,  0.000000000000E+00,  0.000000000000E+00,  0.000000000000E+00,  0.000000000000E+00
  0.000000000000E+00,  0.000000000000E+00,  0.000000000000E+00,  0.000000000000E+00,  0.000000000000E+00
  0.000000000000E+00,  0.000000000000E+00,  0.000000000000E+00,  0.000000000000E+00,  0.000000000000E+00
  0.000000000000E+00,  0.000000000000E+00,  0.000000000000E+00,  0.000000000000E+00,  0.000000000000E+00
  0.000000000000E+00,  0.000000000000E+00,  0.000000000000E+00,  0.000000000000E+00,  0.000000000000E+00
  0.000000000000E+00,  0.000000000000E+00,  0.000000000000E+00,  0.000000000000E+00,  0.000000000000E+00
  0.000000000000E+00,  0.000000000000E+00,  0.000000000000E+00,  0.000000000000E+00,  0.000000000000E+00
  0.000000000000E+00,  0.000000000000E+00,  0.000000000000E+00,  0.000000000000E+00,  0.758913022369E+00
  0.633856705618E+00, -0.101915619990E+00,  0.567320456550E-01, -0.754623166865E-01, -0.521288536153E-01
 -0.139740484896E-01, -0.230342466367E-02, -0.662199433173E-02, -0.847398797355E-03, -0.293732472572E-03
 -0.376417746664E-02,  0.000000000000E+00,  0.000000000000E+00,  0.000000000000E+00,  0.000000000000E+00
  0.000000000000E+00,  0.000000000000E+00,  0.000000000000E+00,  0.000000000000E+00,  0.000000000000E+00
  0.000000000000E+00,  0.000000000000E+00,  0.000000000000E+00,  0.000000000000E+00,  0.000000000000E+00
  0.000000000000E+00,  0.000000000000E+00,  0.000000000000E+00,  0.000000000000E+00,  0.000000000000E+00
  0.000000000000E+00,  0.000000000000E+00,  0.000000000000E+00,  0.000000000000E+00,  0.000000000000E+00
  0.000000000000E+00,  0.000000000000E+00,  0.000000000000E+00,  0.000000000000E+00,  0.000000000000E+00
  0.000000000000E+00,  0.000000000000E+00,  0.000000000000E+00,  0.000000000000E+00,  0.000000000000E+00
  0.000000000000E+00,  0.000000000000E+00, -0.621446133270E+00,  0.766709518226E+00,  0.946250727300E-01
  0.519126785677E-01,  0.116115393849E+00, -0.244690236338E-01,  0.146981537872E-01, -0.936431523368E-03
 -0.312382458746E-02, -0.565028774181E-03,  0.420415562635E-03, -0.192426549484E-02,  0.000000000000E+00
  0.000000000000E+00,  0.000000000000E+00,  0.000000000000E+00,  0.000000000000E+00,  0.000000000000E+00
  0.000000000000E+00,  0.000000000000E+00,  0.000000000000E+00,  0.000000000000E+00,  0.000000000000E+00
  0.000000000000E+00,  0.000000000000E+00,  0.000000000000E+00,  0.000000000000E+00,  0.000000000000E+00
  0.000000000000E+00,  0.000000000000E+00,  0.000000000000E+00,  0.000000000000E+00,  0.000000000000E+00
  0.000000000000E+00,  0.000000000000E+00,  0.000000000000E+00,  0.000000000000E+00,  0.000000000000E+00
  0.000000000000E+00,  0.000000000000E+00,  0.000000000000E+00,  0.000000000000E+00,  0.000000000000E+00
  0.000000000000E+00,  0.000000000000E+00,  0.000000000000E+00,  0.000000000000E+00,  0.000000000000E+00
  0.150246077386E+00, -0.114009738207E-01,  0.972640918492E+00, -0.101282160911E-01,  0.943091487452E-01
  0.929655280983E-02, -0.174182567335E-01,  0.123925261476E+00, -0.771090248196E-01, -0.991524588453E-02
 -0.209780019726E-01, -0.612364543463E-02,  0.000000000000E+00,  0.000000000000E+00,  0.000000000000E+00
  0.000000000000E+00,  0.000000000000E+00,  0.000000000000E+00,  0.000000000000E+00,  0.000000000000E+00
  0.000000000000E+00,  0.000000000000E+00,  0.000000000000E+00,  0.000000000000E+00,  0.000000000000E+00
  0.000000000000E+00,  0.000000000000E+00,  0.000000000000E+00,  0.000000000000E+00,  0.000000000000E+00
  0.000000000000E+00,  0.000000000000E+00,  0.000000000000E+00,  0.000000000000E+00,  0.000000000000E+00
  0.000000000000E+00,  0.000000000000E+00,  0.000000000000E+00,  0.000000000000E+00,  0.000000000000E+00
  0.000000000000E+00,  0.000000000000E+00,  0.000000000000E+00,  0.000000000000E+00,  0.000000000000E+00
  0.000000000000E+00,  0.000000000000E+00,  0.000000000000E+00, -0.766598803363E-01, -0.483381883671E-01
  0.856999217497E-01,  0.750507793527E+00, -0.563477866146E+00, -0.245434802085E+00,  0.902640088475E-01
 -0.802866345443E-01, -0.151154892579E-01,  0.186668347002E-02,  0.120969377456E-02, -0.169138254062E+00
  0.000000000000E+00,  0.000000000000E+00,  0.000000000000E+00,  0.000000000000E+00,  0.000000000000E+00
  0.000000000000E+00,  0.000000000000E+00,  0.000000000000E+00,  0.000000000000E+00,  0.000000000000E+00
  0.000000000000E+00,  0.000000000000E+00,  0.000000000000E+00,  0.000000000000E+00,  0.000000000000E+00
  0.000000000000E+00,  0.000000000000E+00,  0.000000000000E+00,  0.000000000000E+00,  0.000000000000E+00
  0.000000000000E+00,  0.000000000000E+00,  0.000000000000E+00,  0.000000000000E+00,  0.000000000000E+00
  0.000000000000E+00,  0.000000000000E+00,  0.000000000000E+00,  0.000000000000E+00,  0.000000000000E+00
  0.000000000000E+00,  0.000000000000E+00,  0.000000000000E+00,  0.000000000000E+00,  0.000000000000E+00
  0.000000000000E+00,  0.727762835533E-01, -0.748001295655E-01, -0.842407962470E-01,  0.596643047280E+00
  0.724817131626E+00, -0.498890832931E-02, -0.314532752944E+00,  0.337959746891E-01,  0.197883270455E-01
 -0.194618454042E-02,  0.132648120071E-01,  0.103470684714E-03,  0.000000000000E+00,  0.000000000000E+00
  0.000000000000E+00,  0.000000000000E+00,  0.000000000000E+00,  0.000000000000E+00,  0.000000000000E+00
  0.000000000000E+00,  0.000000000000E+00,  0.000000000000E+00,  0.000000000000E+00,  0.000000000000E+00
  0.000000000000E+00,  0.000000000000E+00,  0.000000000000E+00,  0.000000000000E+00,  0.000000000000E+00
  0.000000000000E+00,  0.000000000000E+00,  0.000000000000E+00,  0.000000000000E+00,  0.000000000000E+00
  0.000000000000E+00,  0.000000000000E+00,  0.000000000000E+00,  0.000000000000E+00,  0.000000000000E+00
  0.000000000000E+00,  0.000000000000E+00,  0.000000000000E+00,  0.000000000000E+00,  0.000000000000E+00
  0.000000000000E+00,  0.000000000000E+00,  0.000000000000E+00,  0.000000000000E+00,  0.355627770562E-01
  0.187915690003E-01,  0.133365060105E-01,  0.223758074862E+00,  0.440653719207E-01,  0.696424992712E+00
  0.550886813273E+00,  0.106814871740E+00,  0.379191435410E+00,  0.367291684549E-01,  0.150099517517E-01
  0.306745312802E-01,  0.000000000000E+00,  0.000000000000E+00,  0.000000000000E+00,  0.000000000000E+00
  0.000000000000E+00,  0.000000000000E+00,  0.000000000000E+00,  0.000000000000E+00,  0.000000000000E+00
  0.000000000000E+00,  0.000000000000E+00,  0.000000000000E+00,  0.000000000000E+00,  0.000000000000E+00
  0.000000000000E+00,  0.000000000000E+00,  0.000000000000E+00,  0.000000000000E+00,  0.000000000000E+00
  0.000000000000E+00,  0.000000000000E+00,  0.000000000000E+00,  0.000000000000E+00,  0.000000000000E+00
  0.000000000000E+00,  0.000000000000E+00,  0.000000000000E+00,  0.000000000000E+00,  0.000000000000E+00
  0.000000000000E+00,  0.000000000000E+00,  0.000000000000E+00,  0.000000000000E+00,  0.000000000000E+00
  0.000000000000E+00,  0.000000000000E+00,  0.444042978580E-01, -0.439661761431E-01, -0.751534867527E-02
 -0.314235518543E-01,  0.332532248691E+00, -0.584114282456E+00,  0.730197594192E+00, -0.950454253709E-01
  0.147328884433E-01, -0.367117404036E-02,  0.179663890528E-01,  0.225529625080E-01,  0.000000000000E+00
  0.000000000000E+00,  0.000000000000E+00,  0.000000000000E+00,  0.000000000000E+00,  0.000000000000E+00
  0.000000000000E+00,  0.000000000000E+00,  0.000000000000E+00,  0.000000000000E+00,  0.000000000000E+00
  0.000000000000E+00,  0.000000000000E+00,  0.000000000000E+00,  0.000000000000E+00,  0.000000000000E+00
  0.000000000000E+00,  0.000000000000E+00,  0.000000000000E+00,  0.000000000000E+00,  0.000000000000E+00
  0.000000000000E+00,  0.000000000000E+00,  0.000000000000E+00,  0.000000000000E+00,  0.000000000000E+00
  0.000000000000E+00,  0.000000000000E+00,  0.000000000000E+00,  0.000000000000E+00,  0.000000000000E+00
  0.000000000000E+00,  0.000000000000E+00,  0.000000000000E+00,  0.000000000000E+00,  0.000000000000E+00
 -0.243657365674E-01, -0.383447754780E-02, -0.131252269709E+00,  0.369330604915E-01, -0.415761381925E-01
 -0.749414849296E-01,  0.897866607286E-01,  0.944236109871E+00, -0.269406917375E+00,  0.277364370850E-01
 -0.968383971256E-02, -0.192080066579E-01,  0.000000000000E+00,  0.000000000000E+00,  0.000000000000E+00
  0.000000000000E+00,  0.000000000000E+00,  0.000000000000E+00,  0.000000000000E+00,  0.000000000000E+00
  0.000000000000E+00,  0.000000000000E+00,  0.000000000000E+00,  0.000000000000E+00,  0.000000000000E+00
  0.000000000000E+00,  0.000000000000E+00,  0.000000000000E+00,  0.000000000000E+00,  0.000000000000E+00
  0.000000000000E+00,  0.000000000000E+00,  0.000000000000E+00,  0.000000000000E+00,  0.000000000000E+00
  0.000000000000E+00,  0.000000000000E+00,  0.000000000000E+00,  0.000000000000E+00,  0.000000000000E+00
  0.000000000000E+00,  0.000000000000E+00,  0.000000000000E+00,  0.000000000000E+00,  0.000000000000E+00
  0.000000000000E+00,  0.000000000000E+00,  0.000000000000E+00, -0.102389433948E-01, -0.129296342353E-02
  0.444803703681E-01, -0.807890419556E-01, -0.602881176270E-01, -0.318988469315E+00, -0.216698202011E+00
  0.252897813628E+00,  0.878766442562E+00,  0.141446967760E-01,  0.478562229161E-01,  0.190696871745E-01
  0.000000000000E+00,  0.000000000000E+00,  0.000000000000E+00,  0.000000000000E+00,  0.000000000000E+00
  0.000000000000E+00,  0.000000000000E+00,  0.000000000000E+00,  0.000000000000E+00,  0.000000000000E+00
  0.000000000000E+00,  0.000000000000E+00,  0.000000000000E+00,  0.000000000000E+00,  0.000000000000E+00
  0.000000000000E+00,  0.000000000000E+00,  0.000000000000E+00,  0.000000000000E+00,  0.000000000000E+00
  0.000000000000E+00,  0.000000000000E+00,  0.000000000000E+00,  0.000000000000E+00,  0.000000000000E+00
  0.000000000000E+00,  0.000000000000E+00,  0.000000000000E+00,  0.000000000000E+00,  0.000000000000E+00
  0.000000000000E+00,  0.000000000000E+00,  0.000000000000E+00,  0.000000000000E+00,  0.000000000000E+00
  0.000000000000E+00, -0.683734600477E-04, -0.469807183227E-03,  0.146212950191E-01,  0.920976480244E-02
 -0.103404275649E-01, -0.265501282976E-01, -0.197491194212E-01, -0.324055778740E-01, -0.262886079643E-01
  0.988134830898E+00,  0.287483432481E-01,  0.139718243040E+00,  0.000000000000E+00,  0.000000000000E+00
  0.000000000000E+00,  0.000000000000E+00,  0.000000000000E+00,  0.000000000000E+00,  0.000000000000E+00
  0.000000000000E+00,  0.000000000000E+00,  0.000000000000E+00,  0.000000000000E+00,  0.000000000000E+00
  0.000000000000E+00,  0.000000000000E+00,  0.000000000000E+00,  0.000000000000E+00,  0.000000000000E+00
  0.000000000000E+00,  0.000000000000E+00,  0.000000000000E+00,  0.000000000000E+00,  0.000000000000E+00
  0.000000000000E+00,  0.000000000000E+00,  0.000000000000E+00,  0.000000000000E+00,  0.000000000000E+00
  0.000000000000E+00,  0.000000000000E+00,  0.000000000000E+00,  0.000000000000E+00,  0.000000000000E+00
  0.000000000000E+00,  0.000000000000E+00,  0.000000000000E+00,  0.000000000000E+00,  0.137369581277E-02
  0.112568646861E-02,  0.178625942550E-01, -0.485297470421E-02, -0.134429606340E-01,  0.148951152519E-01
 -0.614363864495E-02,  0.422475800646E-03, -0.526615300238E-01, -0.329985255037E-01,  0.997515345184E+00
  0.177403047942E-01,  0.000000000000E+00,  0.000000000000E+00,  0.000000000000E+00,  0.000000000000E+00
  0.000000000000E+00,  0.000000000000E+00,  0.000000000000E+00,  0.000000000000E+00,  0.000000000000E+00
  0.000000000000E+00,  0.000000000000E+00,  0.000000000000E+00,  0.000000000000E+00,  0.000000000000E+00
  0.000000000000E+00,  0.000000000000E+00,  0.000000000000E+00,  0.000000000000E+00,  0.000000000000E+00
  0.000000000000E+00,  0.000000000000E+00,  0.000000000000E+00,  0.000000000000E+00,  0.000000000000E+00
  0.000000000000E+00,  0.000000000000E+00,  0.000000000000E+00,  0.000000000000E+00,  0.000000000000E+00
  0.000000000000E+00,  0.000000000000E+00,  0.000000000000E+00,  0.000000000000E+00,  0.000000000000E+00
  0.000000000000E+00,  0.000000000000E+00, -0.131091523450E-01, -0.406924953095E-02,  0.146662298017E-01
  0.125238520273E+00, -0.104359643309E+00, -0.428996899179E-01, -0.972192337229E-02,  0.396866644459E-02
 -0.332032416180E-01, -0.141640883832E+00, -0.242244933980E-01,  0.974329923648E+00
